2.433624405366266e6
2.433989659466875e6
2.4343549165502605e6
2.434720170357342e6
2.4350854292193004e6
2.4354506863932475e6
2.435815938462895e6
2.436181195268732e6
2.436546452107642e6
2.4369117086419472e6
2.4372769680528822e6
2.4376422232527174e6
2.438007481185378e6
2.438372738498603e6
2.438737991370745e6
2.4391032498314586e6
2.4394685072394805e6
2.439833761491762e6
2.4401990177458148e6
2.440564271103908e6
2.4409295290239956e6
2.441294789588609e6
2.4416600443536993e6
2.442025303314608e6
2.4423905602818e6
2.442755813660239e6
2.443121070834771e6
2.4434863249114687e6
2.443851582692597e6
2.4442168402671316e6
2.4445820922362204e6
2.444947349860095e6
2.4453126079719667e6
2.4456778645911547e6
2.4460431244664053e6
2.446408379255063e6
2.446773637153357e6
2.447138893738364e6
2.4475041465111035e6
2.447869404865882e6
2.448234661849768e6
2.4485999155886704e6
2.448965171703637e6
2.449330425100745e6
2.449695683519542e6
2.450060943670594e6
2.450426198954279e6
2.4507914580589673e6
2.451156715182118e6
2.451521968948479e6
2.451887226385142e6
