2.4335037644169717e6
2.4337284657591507e6
2.4339531686526095e6
2.4341778674053787e6
2.4344025666358513e6
2.434627271414518e6
2.4348519724271446e6
2.4350766718297163e6
2.4353013698371616e6
2.4355260698588854e6
2.43575077499862e6
2.4359754747122508e6
2.4362001730738287e6
2.4364248738208245e6
2.436649575299436e6
2.436874278395752e6
2.437098977534789e6
2.4373236768985083e6
2.437548381763056e6
2.437773083063418e6
2.4379977825851357e6
2.4382224807238313e6
2.4384471807463677e6
2.4386718860214306e6
2.438896585718296e6
2.439121284157925e6
2.4393459845243464e6
2.439570685737344e6
2.4397953887104895e6
2.440020087412391e6
2.4402447864559246e6
2.440469490880404e6
2.4406941920370203e6
2.4409188915271056e6
2.441143589878458e6
2.441368289970386e6
2.4415929955595434e6
2.4418176956150266e6
2.442042394166384e6
2.442267094639543e6
2.4424917958660363e6
2.4427164990245122e6
2.442941197732966e6
2.443165896891085e6
2.443390601144743e6
2.443615302354155e6
2.443840001864365e6
2.4440646999261193e6
2.4442893998028887e6
2.444514105015429e6
2.4447388048345125e6
2.444963503077918e6
2.4451882033987553e6
2.445412904627223e6
2.4456376082338677e6
2.445862307334375e6
2.4460870068001836e6
2.4463117113811756e6
2.446536412759622e6
2.4467611126025775e6
2.4469858106462015e6
2.447210510572503e6
2.44743521584485e6
2.4476599158510813e6
2.4478846141334274e6
2.4481093143305457e6
2.4483340154716945e6
2.44855871883322e6
2.4487834177502403e6
2.449008116677706e6
2.449232820850403e6
2.4494575220451327e6
2.44968222202588e6
2.4499069202589383e6
2.4501316205276065e6
2.4503563261850425e6
2.4505810264183404e6
2.450805724991435e6
2.451030424928631e6
2.4512551260250695e6
2.451479829386152e6
2.4517045283070705e6
