1.0	2.4335037689267136e6	2.4335037673529414e6	0.0006944444444444445
1.0	2.4337284696961497e6	2.433728468772673e6	0.0006944444444444445
1.0	2.4339531704655862e6	2.4339531719939355e6	0.0006944444444444445
1.0	2.4341778712350223e6	2.4341778705199407e6	0.0006944444444444445
1.0	2.434402572004459e6	2.4344025711929207e6	0.0006944444444444445
1.0	2.434627272773895e6	2.434627273941603e6	0.0006944444444444445
1.0	2.4348519735433315e6	2.4348519754239093e6	0.0006944444444444445
1.0	2.4350766743127676e6	2.4350766752605163e6	0.0006944444444444445
1.0	2.435301375082204e6	2.435301371324833e6	0.0006944444444444445
1.0	2.43552607585164e6	2.4355260738779553e6	0.0006944444444444445
1.0	2.4357507766210763e6	2.435750779072687e6	0.0006944444444444445
1.0	2.435975477390513e6	2.4359754781645937e6	0.0006944444444444445
1.0	2.436200178159949e6	2.4362001767560523e6	0.0006944444444444445
1.0	2.4364248789293854e6	2.4364248781785816e6	0.0006944444444444445
1.0	2.4366495796988215e6	2.436649578876728e6	0.0006944444444444445
1.0	2.436874280468258e6	2.436874281102693e6	0.0006944444444444445
1.0	2.437098981237694e6	2.43709898133262e6	0.0006944444444444445
1.0	2.4373236820071307e6	2.4373236791163157e6	0.0006944444444444445
1.0	2.437548382776567e6	2.437548385370346e6	0.0006944444444444445
1.0	2.437773083546003e6	2.437773085790919e6	0.0006944444444444445
1.0	2.4379977843154394e6	2.4379977851776783e6	0.0006944444444444445
1.0	2.4382224850848755e6	2.4382224843949275e6	0.0006944444444444445
1.0	2.438447185854312e6	2.4384471839185567e6	0.0006944444444444445
1.0	2.438671886623748e6	2.438671888853275e6	0.0006944444444444445
1.0	2.4388965873931847e6	2.438896586028636e6	0.0006944444444444445
1.0	2.4391212881626207e6	2.439121287876064e6	0.0006944444444444445
1.0	2.4393459889320573e6	2.439345986858951e6	0.0006944444444444445
1.0	2.4395706897014934e6	2.439570688800869e6	0.0006944444444444445
1.0	2.4397953904709294e6	2.4397953922892287e6	0.0006944444444444445
1.0	2.440020091240366e6	2.440020090729654e6	0.0006944444444444445
1.0	2.440244792009802e6	2.440244790169133e6	0.0006944444444444445
1.0	2.4404694927792386e6	2.440469494276761e6	0.0006944444444444445
1.0	2.4406941935486747e6	2.440694195754627e6	0.0006944444444444445
1.0	2.4409188943181112e6	2.440918895322397e6	0.0006944444444444445
1.0	2.4411435950875473e6	2.4411435922708274e6	0.0006944444444444445
1.0	2.441368295856984e6	2.441368293127162e6	0.0006944444444444445
1.0	2.44159299662642e6	2.441592999589748e6	0.0006944444444444445
1.0	2.4418176973958565e6	2.44181769942478e6	0.0006944444444444445
1.0	2.4420423981652926e6	2.442042397387944e6	0.0006944444444444445
1.0	2.4422670989347287e6	2.4422670984081635e6	0.0006944444444444445
1.0	2.442491799704165e6	2.4424918004516307e6	0.0006944444444444445
1.0	2.4427165004736013e6	2.442716502091966e6	0.0006944444444444445
1.0	2.442941201243038e6	2.4429412015809175e6	0.0006944444444444445
1.0	2.443165902012474e6	2.4431659002739787e6	0.0006944444444444445
1.0	2.4433906027819104e6	2.443390603875794e6	0.0006944444444444445
1.0	2.4436153035513465e6	2.4436153063181797e6	0.0006944444444444445
1.0	2.443840004320783e6	2.4438400063062822e6	0.0006944444444444445
1.0	2.444064705090219e6	2.4440647035902203e6	0.0006944444444444445
1.0	2.4442894058596552e6	2.444289402968271e6	0.0006944444444444445
2.0	2.433624407954262e6	2.4336244098996604e6	0.0006944444444444445
2.0	2.4339896643839916e6	2.433989663599072e6	0.0006944444444444445
2.0	2.4343549208137216e6	2.4343549245097255e6	0.0006944444444444445
2.0	2.434720177243451e6	2.43472017451159e6	0.0006944444444444445
2.0	2.4350854336731806e6	2.435085433787441e6	0.0006944444444444445
2.0	2.4354506901029106e6	2.4354506927795126e6	0.0006944444444444445
2.0	2.43581594653264e6	2.435815942619456e6	0.0006944444444444445
2.0	2.4361812029623697e6	2.436181201246908e6	0.0006944444444444445
2.0	2.4365464593920996e6	2.436546457939124e6	0.0006944444444444445
2.0	2.436911715821829e6	2.4369117126895105e6	0.0006944444444444445
2.0	2.4372769722515587e6	2.4372769743494033e6	0.0006944444444444445
2.0	2.4376422286812887e6	2.4376422270931546e6	0.0006944444444444445
2.0	2.438007485111018e6	2.4380074852602077e6	0.0006944444444444445
2.0	2.4383727415407477e6	2.438372745567281e6	0.0006944444444444445
2.0	2.438737997970477e6	2.4387379954541936e6	0.0006944444444444445
2.0	2.439103254400207e6	2.439103255165035e6	0.0006944444444444445
2.0	2.4394685108299367e6	2.439468513007187e6	0.0006944444444444445
2.0	2.439833767259666e6	2.439833763535781e6	0.0006944444444444445
2.0	2.440199023689396e6	2.4401990240583397e6	0.0006944444444444445
2.0	2.4405642801191257e6	2.4405642762235864e6	0.0006944444444444445
2.0	2.4409295365488552e6	2.4409295319469566e6	0.0006944444444444445
2.0	2.441294792978585e6	2.441294796635649e6	0.0006944444444444445
2.0	2.4416600494083147e6	2.4416600484495196e6	0.0006944444444444445
2.0	2.4420253058380443e6	2.4420253089186945e6	0.0006944444444444445
2.0	2.4423905622677743e6	2.442390566864748e6	0.0006944444444444445
2.0	2.442755818697504e6	2.4427558171426626e6	0.0006944444444444445
2.0	2.4431210751272333e6	2.4431210768445344e6	0.0006944444444444445
2.0	2.4434863315569633e6	2.443486330253649e6	0.0006944444444444445
2.0	2.443851587986693e6	2.4438515855738656e6	0.0006944444444444445
2.0	2.4442168444164223e6	2.4442168481938746e6	0.0006944444444444445
2.0	2.4445821008461523e6	2.444582097107874e6	0.0006944444444444445
