1.0	2.433503765604535e6	2.433503764417094e6	0.0010416666666666667
1.0	2.43372846637397e6	2.4337284657592718e6	0.0010416666666666667
1.0	2.4339531671434045e6	2.43395316865273e6	0.0010416666666666667
1.0	2.4341778679128396e6	2.4341778674054984e6	0.0010416666666666667
1.0	2.4344025686822743e6	2.43440256663597e6	0.0010416666666666667
1.0	2.434627269451709e6	2.434627271414636e6	0.0010416666666666667
1.0	2.4348519702211437e6	2.434851972427262e6	0.0010416666666666667
1.0	2.435076670990579e6	2.435076671829833e6	0.0010416666666666667
1.0	2.4353013717600135e6	2.435301369837278e6	0.0010416666666666667
1.0	2.435526072529448e6	2.435526069859001e6	0.0010416666666666667
1.0	2.435750773298883e6	2.4357507749987347e6	0.0010416666666666667
1.0	2.435975474068318e6	2.4359754747123644e6	0.0010416666666666667
1.0	2.4362001748377527e6	2.4362001730739423e6	0.0010416666666666667
1.0	2.4364248756071874e6	2.436424873820938e6	0.0010416666666666667
1.0	2.436649576376622e6	2.436649575299549e6	0.0010416666666666667
1.0	2.436874277146057e6	2.436874278395864e6	0.0010416666666666667
1.0	2.437098977915492e6	2.437098977534901e6	0.0010416666666666667
1.0	2.4373236786849266e6	2.437323676898619e6	0.0010416666666666667
1.0	2.4375483794543613e6	2.437548381763166e6	0.0010416666666666667
1.0	2.4377730802237964e6	2.4377730830635275e6	0.0010416666666666667
1.0	2.437997780993231e6	2.4379977825852456e6	0.0010416666666666667
1.0	2.438222481762666e6	2.438222480723941e6	0.0010416666666666667
1.0	2.4384471825321005e6	2.4384471807464766e6	0.0010416666666666667
1.0	2.4386718833015356e6	2.4386718860215396e6	0.0010416666666666667
1.0	2.4388965840709703e6	2.4388965857184045e6	0.0010416666666666667
1.0	2.439121284840405e6	2.439121284158033e6	0.0010416666666666667
1.0	2.4393459856098397e6	2.4393459845244545e6	0.0010416666666666667
1.0	2.439570686379275e6	2.4395706857374515e6	0.0010416666666666667
1.0	2.4397953871487095e6	2.439795388710597e6	0.0010416666666666667
1.0	2.440020087918144e6	2.4400200874124984e6	0.0010416666666666667
1.0	2.440244788687579e6	2.4402447864560317e6	0.0010416666666666667
1.0	2.440469489457014e6	2.4404694908805112e6	0.0010416666666666667
1.0	2.4406941902264487e6	2.440694192037127e6	0.0010416666666666667
1.0	2.4409188909958834e6	2.440918891527212e6	0.0010416666666666667
1.0	2.441143591765318e6	2.441143589878565e6	0.0010416666666666667
1.0	2.441368292534753e6	2.441368289970493e6	0.0010416666666666667
1.0	2.441592993304188e6	2.4415929955596505e6	0.0010416666666666667
1.0	2.4418176940736226e6	2.4418176956151333e6	0.0010416666666666667
1.0	2.4420423948430573e6	2.442042394166491e6	0.0010416666666666667
1.0	2.4422670956124924e6	2.44226709463965e6	0.0010416666666666667
1.0	2.442491796381927e6	2.4424917958661434e6	0.0010416666666666667
1.0	2.442716497151362e6	2.44271649902462e6	0.0010416666666666667
1.0	2.4429411979207965e6	2.4429411977330735e6	0.0010416666666666667
1.0	2.4431658986902316e6	2.443165896891193e6	0.0010416666666666667
1.0	2.4433905994596663e6	2.443390601144851e6	0.0010416666666666667
1.0	2.443615300229101e6	2.4436153023542636e6	0.0010416666666666667
1.0	2.4438400009985357e6	2.4438400018644733e6	0.0010416666666666667
1.0	2.444064701767971e6	2.444064699926228e6	0.0010416666666666667
1.0	2.4442894025374055e6	2.4442893998029977e6	0.0010416666666666667
2.0	2.433624402715712e6	2.4336244053663155e6	0.0010416666666666667
2.0	2.4339896591427834e6	2.433989659466925e6	0.0010416666666666667
2.0	2.434354915569855e6	2.434354916550314e6	0.0010416666666666667
2.0	2.4347201719969264e6	2.434720170357399e6	0.0010416666666666667
2.0	2.435085428423998e6	2.4350854292193605e6	0.0010416666666666667
2.0	2.4354506848510695e6	2.4354506863933094e6	0.0010416666666666667
2.0	2.4358159412781405e6	2.4358159384629615e6	0.0010416666666666667
2.0	2.436181197705212e6	2.4361811952688014e6	0.0010416666666666667
2.0	2.4365464541322836e6	2.4365464521077164e6	0.0010416666666666667
2.0	2.436911710559355e6	2.436911708642025e6	0.0010416666666666667
2.0	2.4372769669864266e6	2.4372769680529623e6	0.0010416666666666667
2.0	2.437642223413498e6	2.437642223252797e6	0.0010416666666666667
2.0	2.4380074798405697e6	2.4380074811854595e6	0.0010416666666666667
2.0	2.438372736267641e6	2.4383727384986877e6	0.0010416666666666667
2.0	2.4387379926947127e6	2.438737991370832e6	0.0010416666666666667
2.0	2.439103249121784e6	2.4391032498315494e6	0.0010416666666666667
2.0	2.4394685055488553e6	2.439468507239575e6	0.0010416666666666667
2.0	2.439833761975927e6	2.4398337614918607e6	0.0010416666666666667
2.0	2.4401990184029983e6	2.4401990177459153e6	0.0010416666666666667
2.0	2.44056427483007e6	2.4405642711040103e6	0.0010416666666666667
2.0	2.4409295312571414e6	2.4409295290241023e6	0.0010416666666666667
2.0	2.441294787684213e6	2.4412947895887177e6	0.0010416666666666667
2.0	2.4416600441112844e6	2.441660044353812e6	0.0010416666666666667
2.0	2.442025300538356e6	2.4420253033147254e6	0.0010416666666666667
2.0	2.4423905569654275e6	2.4423905602819226e6	0.0010416666666666667
2.0	2.442755813392499e6	2.4427558136603665e6	0.0010416666666666667
2.0	2.4431210698195705e6	2.4431210708349054e6	0.0010416666666666667
2.0	2.4434863262466416e6	2.443486324911605e6	0.0010416666666666667
2.0	2.443851582673713e6	2.443851582692736e6	0.0010416666666666667
2.0	2.4442168391007846e6	2.444216840267275e6	0.0010416666666666667
2.0	2.444582095527856e6	2.44458209223637e6	0.0010416666666666667
