1.0	2.4335037656045374e6	2.433503764417094e6	0.0011574074074074073
1.0	2.433728466373972e6	2.4337284657592718e6	0.0011574074074074073
1.0	2.433953167143407e6	2.43395316865273e6	0.0011574074074074073
1.0	2.4341778679128415e6	2.4341778674054984e6	0.0011574074074074073
1.0	2.4344025686822766e6	2.43440256663597e6	0.0011574074074074073
1.0	2.4346272694517113e6	2.434627271414636e6	0.0011574074074074073
1.0	2.434851970221146e6	2.434851972427262e6	0.0011574074074074073
1.0	2.4350766709905807e6	2.435076671829833e6	0.0011574074074074073
1.0	2.4353013717600154e6	2.435301369837278e6	0.0011574074074074073
1.0	2.43552607252945e6	2.435526069859001e6	0.0011574074074074073
1.0	2.4357507732988847e6	2.4357507749987347e6	0.0011574074074074073
1.0	2.43597547406832e6	2.4359754747123644e6	0.0011574074074074073
1.0	2.4362001748377546e6	2.4362001730739423e6	0.0011574074074074073
1.0	2.4364248756071893e6	2.436424873820938e6	0.0011574074074074073
1.0	2.436649576376624e6	2.436649575299549e6	0.0011574074074074073
1.0	2.4368742771460586e6	2.436874278395864e6	0.0011574074074074073
1.0	2.4370989779154933e6	2.437098977534901e6	0.0011574074074074073
1.0	2.437323678684928e6	2.437323676898619e6	0.0011574074074074073
1.0	2.437548379454363e6	2.437548381763166e6	0.0011574074074074073
1.0	2.437773080223798e6	2.4377730830635275e6	0.0011574074074074073
1.0	2.4379977809932325e6	2.4379977825852456e6	0.0011574074074074073
1.0	2.438222481762667e6	2.438222480723941e6	0.0011574074074074073
1.0	2.438447182532102e6	2.4384471807464766e6	0.0011574074074074073
1.0	2.4386718833015366e6	2.4386718860215396e6	0.0011574074074074073
1.0	2.4388965840709712e6	2.4388965857184045e6	0.0011574074074074073
1.0	2.439121284840406e6	2.439121284158033e6	0.0011574074074074073
1.0	2.439345985609841e6	2.4393459845244545e6	0.0011574074074074073
1.0	2.4395706863792758e6	2.4395706857374515e6	0.0011574074074074073
1.0	2.4397953871487104e6	2.439795388710597e6	0.0011574074074074073
1.0	2.440020087918145e6	2.4400200874124984e6	0.0011574074074074073
1.0	2.44024478868758e6	2.4402447864560317e6	0.0011574074074074073
1.0	2.4404694894570145e6	2.4404694908805112e6	0.0011574074074074073
1.0	2.440694190226449e6	2.440694192037127e6	0.0011574074074074073
1.0	2.4409188909958843e6	2.440918891527212e6	0.0011574074074074073
1.0	2.441143591765319e6	2.441143589878565e6	0.0011574074074074073
1.0	2.4413682925347537e6	2.441368289970493e6	0.0011574074074074073
1.0	2.4415929933041884e6	2.4415929955596505e6	0.0011574074074074073
1.0	2.441817694073623e6	2.4418176956151333e6	0.0011574074074074073
1.0	2.4420423948430577e6	2.442042394166491e6	0.0011574074074074073
1.0	2.4422670956124924e6	2.44226709463965e6	0.0011574074074074073
1.0	2.4424917963819276e6	2.4424917958661434e6	0.0011574074074074073
1.0	2.4427164971513622e6	2.44271649902462e6	0.0011574074074074073
1.0	2.442941197920797e6	2.4429411977330735e6	0.0011574074074074073
1.0	2.4431658986902316e6	2.443165896891193e6	0.0011574074074074073
1.0	2.4433905994596663e6	2.443390601144851e6	0.0011574074074074073
1.0	2.443615300229101e6	2.4436153023542636e6	0.0011574074074074073
1.0	2.4438400009985357e6	2.4438400018644733e6	0.0011574074074074073
1.0	2.444064701767971e6	2.444064699926228e6	0.0011574074074074073
1.0	2.4442894025374055e6	2.4442893998029977e6	0.0011574074074074073
2.0	2.4336244027157123e6	2.4336244053663155e6	0.0011574074074074073
2.0	2.433989659142784e6	2.433989659466925e6	0.0011574074074074073
2.0	2.4343549155698554e6	2.434354916550314e6	0.0011574074074074073
2.0	2.4347201719969264e6	2.434720170357399e6	0.0011574074074074073
2.0	2.435085428423998e6	2.4350854292193605e6	0.0011574074074074073
2.0	2.4354506848510695e6	2.4354506863933094e6	0.0011574074074074073
2.0	2.435815941278141e6	2.4358159384629615e6	0.0011574074074074073
2.0	2.4361811977052125e6	2.4361811952688014e6	0.0011574074074074073
2.0	2.436546454132284e6	2.4365464521077164e6	0.0011574074074074073
2.0	2.436911710559355e6	2.436911708642025e6	0.0011574074074074073
2.0	2.4372769669864266e6	2.4372769680529623e6	0.0011574074074074073
2.0	2.437642223413498e6	2.437642223252797e6	0.0011574074074074073
2.0	2.4380074798405697e6	2.4380074811854595e6	0.0011574074074074073
2.0	2.438372736267641e6	2.4383727384986877e6	0.0011574074074074073
2.0	2.4387379926947127e6	2.438737991370832e6	0.0011574074074074073
2.0	2.4391032491217838e6	2.4391032498315494e6	0.0011574074074074073
2.0	2.4394685055488553e6	2.439468507239575e6	0.0011574074074074073
2.0	2.439833761975927e6	2.4398337614918607e6	0.0011574074074074073
2.0	2.4401990184029983e6	2.4401990177459153e6	0.0011574074074074073
2.0	2.44056427483007e6	2.4405642711040103e6	0.0011574074074074073
2.0	2.4409295312571414e6	2.4409295290241023e6	0.0011574074074074073
2.0	2.4412947876842124e6	2.4412947895887177e6	0.0011574074074074073
2.0	2.441660044111284e6	2.441660044353812e6	0.0011574074074074073
2.0	2.4420253005383555e6	2.4420253033147254e6	0.0011574074074074073
2.0	2.442390556965427e6	2.4423905602819226e6	0.0011574074074074073
2.0	2.4427558133924985e6	2.4427558136603665e6	0.0011574074074074073
2.0	2.44312106981957e6	2.4431210708349054e6	0.0011574074074074073
2.0	2.443486326246641e6	2.443486324911605e6	0.0011574074074074073
2.0	2.4438515826737126e6	2.443851582692736e6	0.0011574074074074073
2.0	2.444216839100784e6	2.444216840267275e6	0.0011574074074074073
2.0	2.4445820955278557e6	2.44458209223637e6	0.0011574074074074073
