1.0	2.4335037654905966e6	2.433503764417094e6	0.00034722222222222224
1.0	2.433728466267304e6	2.4337284657592718e6	0.00034722222222222224
1.0	2.4339531670440114e6	2.43395316865273e6	0.00034722222222222224
1.0	2.434177867820719e6	2.4341778674054984e6	0.00034722222222222224
1.0	2.4344025685974257e6	2.43440256663597e6	0.00034722222222222224
1.0	2.434627269374133e6	2.434627271414636e6	0.00034722222222222224
1.0	2.4348519701508405e6	2.434851972427262e6	0.00034722222222222224
1.0	2.435076670927548e6	2.435076671829833e6	0.00034722222222222224
1.0	2.435301371704255e6	2.435301369837278e6	0.00034722222222222224
1.0	2.4355260724809626e6	2.435526069859001e6	0.00034722222222222224
1.0	2.4357507732576695e6	2.4357507749987347e6	0.00034722222222222224
1.0	2.435975474034377e6	2.4359754747123644e6	0.00034722222222222224
1.0	2.4362001748110843e6	2.4362001730739423e6	0.00034722222222222224
1.0	2.4364248755877917e6	2.436424873820938e6	0.00034722222222222224
1.0	2.436649576364499e6	2.436649575299549e6	0.00034722222222222224
1.0	2.4368742771412064e6	2.436874278395864e6	0.00034722222222222224
1.0	2.437098977917914e6	2.437098977534901e6	0.00034722222222222224
1.0	2.4373236786946207e6	2.437323676898619e6	0.00034722222222222224
1.0	2.437548379471328e6	2.437548381763166e6	0.00034722222222222224
1.0	2.4377730802480355e6	2.4377730830635275e6	0.00034722222222222224
1.0	2.437997781024743e6	2.4379977825852456e6	0.00034722222222222224
1.0	2.4382224818014503e6	2.438222480723941e6	0.00034722222222222224
1.0	2.4384471825781576e6	2.4384471807464766e6	0.00034722222222222224
1.0	2.4386718833548645e6	2.4386718860215396e6	0.00034722222222222224
1.0	2.438896584131572e6	2.4388965857184045e6	0.00034722222222222224
1.0	2.4391212849082793e6	2.439121284158033e6	0.00034722222222222224
1.0	2.4393459856849867e6	2.4393459845244545e6	0.00034722222222222224
1.0	2.439570686461694e6	2.4395706857374515e6	0.00034722222222222224
1.0	2.4397953872384015e6	2.439795388710597e6	0.00034722222222222224
1.0	2.440020088015109e6	2.4400200874124984e6	0.00034722222222222224
1.0	2.4402447887918158e6	2.4402447864560317e6	0.00034722222222222224
1.0	2.440469489568523e6	2.4404694908805112e6	0.00034722222222222224
1.0	2.4406941903452305e6	2.440694192037127e6	0.00034722222222222224
1.0	2.440918891121938e6	2.440918891527212e6	0.00034722222222222224
1.0	2.4411435918986453e6	2.441143589878565e6	0.00034722222222222224
1.0	2.4413682926753527e6	2.441368289970493e6	0.00034722222222222224
1.0	2.4415929934520596e6	2.4415929955596505e6	0.00034722222222222224
1.0	2.441817694228767e6	2.4418176956151333e6	0.00034722222222222224
1.0	2.4420423950054743e6	2.442042394166491e6	0.00034722222222222224
1.0	2.4422670957821817e6	2.44226709463965e6	0.00034722222222222224
1.0	2.442491796558889e6	2.4424917958661434e6	0.00034722222222222224
1.0	2.4427164973355965e6	2.44271649902462e6	0.00034722222222222224
1.0	2.442941198112304e6	2.4429411977330735e6	0.00034722222222222224
1.0	2.443165898889011e6	2.443165896891193e6	0.00034722222222222224
1.0	2.443390599665718e6	2.443390601144851e6	0.00034722222222222224
1.0	2.4436153004424255e6	2.4436153023542636e6	0.00034722222222222224
1.0	2.443840001219133e6	2.4438400018644733e6	0.00034722222222222224
1.0	2.4440647019958403e6	2.444064699926228e6	0.00034722222222222224
2.0	2.4336244024962834e6	2.4336244053663155e6	0.00034722222222222224
2.0	2.4339896589460545e6	2.433989659466925e6	0.00034722222222222224
2.0	2.4343549153958256e6	2.434354916550314e6	0.00034722222222222224
2.0	2.434720171845597e6	2.434720170357399e6	0.00034722222222222224
2.0	2.4350854282953683e6	2.4350854292193605e6	0.00034722222222222224
2.0	2.4354506847451394e6	2.4354506863933094e6	0.00034722222222222224
2.0	2.4358159411949106e6	2.4358159384629615e6	0.00034722222222222224
2.0	2.4361811976446817e6	2.4361811952688014e6	0.00034722222222222224
2.0	2.4365464540944532e6	2.4365464521077164e6	0.00034722222222222224
2.0	2.4369117105442244e6	2.436911708642025e6	0.00034722222222222224
2.0	2.4372769669939955e6	2.4372769680529623e6	0.00034722222222222224
2.0	2.4376422234437666e6	2.437642223252797e6	0.00034722222222222224
2.0	2.4380074798935377e6	2.4380074811854595e6	0.00034722222222222224
2.0	2.438372736343309e6	2.4383727384986877e6	0.00034722222222222224
2.0	2.4387379927930804e6	2.438737991370832e6	0.00034722222222222224
2.0	2.4391032492428515e6	2.4391032498315494e6	0.00034722222222222224
2.0	2.4394685056926226e6	2.439468507239575e6	0.00034722222222222224
2.0	2.4398337621423937e6	2.4398337614918607e6	0.00034722222222222224
2.0	2.440199018592165e6	2.4401990177459153e6	0.00034722222222222224
2.0	2.4405642750419364e6	2.4405642711040103e6	0.00034722222222222224
2.0	2.4409295314917075e6	2.4409295290241023e6	0.00034722222222222224
2.0	2.4412947879414787e6	2.4412947895887177e6	0.00034722222222222224
2.0	2.44166004439125e6	2.441660044353812e6	0.00034722222222222224
2.0	2.442025300841021e6	2.4420253033147254e6	0.00034722222222222224
2.0	2.4423905572907925e6	2.4423905602819226e6	0.00034722222222222224
2.0	2.4427558137405636e6	2.4427558136603665e6	0.00034722222222222224
2.0	2.4431210701903347e6	2.4431210708349054e6	0.00034722222222222224
2.0	2.443486326640106e6	2.443486324911605e6	0.00034722222222222224
2.0	2.443851583089877e6	2.443851582692736e6	0.00034722222222222224
2.0	2.444216839539648e6	2.444216840267275e6	0.00034722222222222224
