1.0	0.0	2.433503764225736e6	0.00034722222222222224
1.0	1.0	2.4337284656066787e6	0.00034722222222222224
1.0	2.0	2.4339531686638654e6	0.00034722222222222224
1.0	3.0	2.4341778673032173e6	0.00034722222222222224
1.0	4.0	2.4344025672549894e6	0.00034722222222222224
1.0	5.0	2.434627271018808e6	0.00034722222222222224
1.0	6.0	2.4348519722662587e6	0.00034722222222222224
1.0	7.0	2.4350766718857563e6	0.00034722222222222224
1.0	8.0	2.435301368921627e6	0.00034722222222222224
1.0	9.0	2.435526070209079e6	0.00034722222222222224
1.0	10.0	2.4357507753762687e6	0.00034722222222222224
1.0	11.0	2.4359754747790117e6	0.00034722222222222224
1.0	12.0	2.436200173255562e6	0.00034722222222222224
1.0	13.0	2.436424874340485e6	0.00034722222222222224
1.0	14.0	2.4366495754288817e6	0.00034722222222222224
1.0	15.0	2.4368742780898605e6	0.00034722222222222224
1.0	16.0	2.4370989777743034e6	0.00034722222222222224
1.0	17.0	2.4373236763480417e6	0.00034722222222222224
1.0	18.0	2.4375483819074603e6	0.00034722222222222224
1.0	19.0	2.4377730827678903e6	0.00034722222222222224
1.0	20.0	2.437997782222026e6	0.00034722222222222224
1.0	21.0	2.438222480899981e6	0.00034722222222222224
1.0	22.0	2.4384471806730977e6	0.00034722222222222224
1.0	23.0	2.43867188577796e6	0.00034722222222222224
1.0	24.0	2.4388965844509806e6	0.00034722222222222224
1.0	25.0	2.439121284218191e6	0.00034722222222222224
1.0	26.0	2.439345984624862e6	0.00034722222222222224
1.0	27.0	2.4395706859370153e6	0.00034722222222222224
1.0	28.0	2.4397953882185332e6	0.00034722222222222224
1.0	29.0	2.4400200872848993e6	0.00034722222222222224
1.0	30.0	2.4402447865858674e6	0.00034722222222222224
1.0	31.0	2.4404694908795743e6	0.00034722222222222224
1.0	32.0	2.4406941922342046e6	0.00034722222222222224
1.0	33.0	2.440918891566026e6	0.00034722222222222224
1.0	34.0	2.4411435900780004e6	0.00034722222222222224
1.0	35.0	2.441368290208688e6	0.00034722222222222224
1.0	36.0	2.441592995096383e6	0.00034722222222222224
1.0	37.0	2.441817695534103e6	0.00034722222222222224
1.0	38.0	2.4420423945221417e6	0.00034722222222222224
1.0	39.0	2.4422670948850275e6	0.00034722222222222224
1.0	40.0	2.4424917958174297e6	0.00034722222222222224
1.0	41.0	2.4427164992495542e6	0.00034722222222222224
1.0	42.0	2.442941198366499e6	0.00034722222222222224
1.0	43.0	2.443165896765379e6	0.00034722222222222224
1.0	44.0	2.4433906014092555e6	0.00034722222222222224
1.0	45.0	2.443615302386184e6	0.00034722222222222224
1.0	46.0	2.4438400015706266e6	0.00034722222222222224
1.0	47.0	2.4440647002488505e6	0.00034722222222222224
2.0	0.0	2.4336244055398586e6	0.00034722222222222224
2.0	1.0	2.4339896593911364e6	0.00034722222222222224
2.0	2.0	2.4343549160837065e6	0.00034722222222222224
2.0	3.0	2.4347201704650996e6	0.00034722222222222224
2.0	4.0	2.4350854296475095e6	0.00034722222222222224
2.0	5.0	2.435450686237002e6	0.00034722222222222224
2.0	6.0	2.4358159383376404e6	0.00034722222222222224
2.0	7.0	2.4361811950673787e6	0.00034722222222222224
2.0	8.0	2.436546452419501e6	0.00034722222222222224
2.0	9.0	2.4369117087278697e6	0.00034722222222222224
2.0	10.0	2.4372769679879225e6	0.00034722222222222224
2.0	11.0	2.4376422234826367e6	0.00034722222222222224
2.0	12.0	2.438007480904124e6	0.00034722222222222224
2.0	13.0	2.4383727379282867e6	0.00034722222222222224
2.0	14.0	2.4387379912301446e6	0.00034722222222222224
2.0	15.0	2.439103249843738e6	0.00034722222222222224
2.0	16.0	2.439468507345619e6	0.00034722222222222224
2.0	17.0	2.4398337615193534e6	0.00034722222222222224
2.0	18.0	2.440199017438031e6	0.00034722222222222224
2.0	19.0	2.4405642704141e6	0.00034722222222222224
2.0	20.0	2.440929528961785e6	0.00034722222222222224
2.0	21.0	2.4412947893881514e6	0.00034722222222222224
2.0	22.0	2.441660043832426e6	0.00034722222222222224
2.0	23.0	2.4420253032797915e6	0.00034722222222222224
2.0	24.0	2.4423905601556427e6	0.00034722222222222224
2.0	25.0	2.442755814083019e6	0.00034722222222222224
2.0	26.0	2.443121070766781e6	0.00034722222222222224
2.0	27.0	2.4434863249186524e6	0.00034722222222222224
2.0	28.0	2.443851582744261e6	0.00034722222222222224
2.0	29.0	2.444216839925407e6	0.00034722222222222224
