1.0	2.444289306690828e6	2.444289304199007e6	0.00011574074074074075
1.0	2.4445140074771424e6	2.4445140094107874e6	0.00011574074074074075
1.0	2.4447387082634564e6	2.444738709228261e6	0.00011574074074074075
1.0	2.444963409049771e6	2.4449634074735586e6	0.00011574074074074075
1.0	2.445188109836085e6	2.445188107802769e6	0.00011574074074074075
1.0	2.445412810622399e6	2.4454128090322674e6	0.00011574074074074075
1.0	2.445637511408713e6	2.445637512629706e6	0.00011574074074074075
1.0	2.4458622121950276e6	2.4458622117277463e6	0.00011574074074074075
1.0	2.4460869129813416e6	2.4460869111951008e6	0.00011574074074074075
1.0	2.446311613767656e6	2.446311615783978e6	0.00011574074074074075
1.0	2.44653631455397e6	2.4465363171608164e6	0.00011574074074074075
1.0	2.4467610153402844e6	2.4467610169966132e6	0.00011574074074074075
1.0	2.4469857161265984e6	2.4469857150393953e6	0.00011574074074074075
1.0	2.447210416912913e6	2.4472104149677986e6	0.00011574074074074075
1.0	2.4474351176992273e6	2.447435120239578e6	0.00011574074074074075
1.0	2.4476598184855413e6	2.447659820244142e6	0.00011574074074074075
1.0	2.4478845192718557e6	2.447884518527296e6	0.00011574074074074075
1.0	2.4481092200581697e6	2.4481092187314373e6	0.00011574074074074075
1.0	2.448333920844484e6	2.4483339198728483e6	0.00011574074074074075
1.0	2.448558621630798e6	2.4485586232251357e6	0.00011574074074074075
1.0	2.4487833224171125e6	2.4487833221399295e6	0.00011574074074074075
1.0	2.4490080232034265e6	2.449008021070216e6	0.00011574074074074075
1.0	2.449232723989741e6	2.4492327252526702e6	0.00011574074074074075
1.0	2.449457424776055e6	2.449457426447307e6	0.00011574074074074075
1.0	2.4496821255623694e6	2.449682126422175e6	0.00011574074074074075
1.0	2.4499068263486833e6	2.4499068246545363e6	0.00011574074074074075
1.0	2.450131527134998e6	2.4501315249250517e6	0.00011574074074074075
1.0	2.450356227921312e6	2.45035623058139e6	0.00011574074074074075
1.0	2.450580928707626e6	2.4505809308120697e6	0.00011574074074074075
1.0	2.4508056294939406e6	2.45080562938497e6	0.00011574074074074075
1.0	2.4510303302802546e6	2.45103032932858e6	0.00011574074074074075
1.0	2.451255031066569e6	2.451255030425316e6	0.00011574074074074075
1.0	2.451479731852883e6	2.451479733777486e6	0.00011574074074074075
1.0	2.4517044326391974e6	2.4517044326966796e6	0.00011574074074074075
1.0	2.4519291334255114e6	2.4519291316282135e6	0.00011574074074074075
1.0	2.452153834211826e6	2.4521538358197757e6	0.00011574074074074075
1.0	2.45237853499814e6	2.45237853705161e6	0.00011574074074074075
1.0	2.4526032357844543e6	2.4526032369530834e6	0.00011574074074074075
1.0	2.4528279365707687e6	2.45282793504828e6	0.00011574074074074075
1.0	2.4530526373570827e6	2.4530526347250897e6	0.00011574074074074075
1.0	2.453277338143397e6	2.4532773400033414e6	0.00011574074074074075
1.0	2.453502038929711e6	2.4535020398062686e6	0.00011574074074074075
1.0	2.4537267397160255e6	2.453726738105436e6	0.00011574074074074075
1.0	2.4539514405023395e6	2.453951437890096e6	0.00011574074074074075
1.0	2.454176141288654e6	2.454176139218675e6	0.00011574074074074075
1.0	2.454400842074968e6	2.4544008430513637e6	0.00011574074074074075
1.0	2.4546255428612824e6	2.454625542361474e6	0.00011574074074074075
1.0	2.4548502436475963e6	2.4548502416931465e6	0.00011574074074074075
1.0	2.455074944433911e6	2.455074945811151e6	0.00011574074074074075
1.0	2.4552996452202247e6	2.4552996472027157e6	0.00011574074074074075
2.0	2.4445819435440227e6	2.4445819402337563e6	0.00011574074074074075
2.0	2.4449472000158015e6	2.444947197858945e6	0.00011574074074074075
2.0	2.4453124564875797e6	2.4453124559704917e6	0.00011574074074074075
2.0	2.4456777129593585e6	2.44567771260133e6	0.00011574074074074075
2.0	2.446042969431137e6	2.4460429724749294e6	0.00011574074074074075
2.0	2.4464082259029155e6	2.4464082272471786e6	0.00011574074074074075
2.0	2.446773482374694e6	2.4467734851427143e6	0.00011574074074074075
2.0	2.447138738846473e6	2.447138741732377e6	0.00011574074074074075
2.0	2.447503995318251e6	2.4475039945083773e6	0.00011574074074074075
2.0	2.44786925179003e6	2.4478692528592963e6	0.00011574074074074075
2.0	2.448234508261808e6	2.4482345098342984e6	0.00011574074074074075
2.0	2.448599764733587e6	2.4485997635809933e6	0.00011574074074074075
2.0	2.4489650212053657e6	2.4489650196985397e6	0.00011574074074074075
2.0	2.449330277677144e6	2.449330273090758e6	0.00011574074074074075
2.0	2.4496955341489227e6	2.4496955315182703e6	0.00011574074074074075
2.0	2.4500607906207014e6	2.4500607916748156e6	0.00011574074074074075
2.0	2.4504260470924797e6	2.4504260469556744e6	0.00011574074074074075
2.0	2.4507913035642584e6	2.450791306050102e6	0.00011574074074074075
2.0	2.451156560036037e6	2.4511565631635226e6	0.00011574074074074075
2.0	2.4515218165078154e6	2.451521816941869e6	0.00011574074074074075
2.0	2.451887072979594e6	2.4518870743825366e6	0.00011574074074074075
2.0	2.452252329451373e6	2.4522523293080963e6	0.00011574074074074075
2.0	2.452617585923151e6	2.4526175860474585e6	0.00011574074074074075
2.0	2.45298284239493e6	2.4529828435768625e6	0.00011574074074074075
2.0	2.4533480988667086e6	2.45334809513946e6	0.00011574074074074075
2.0	2.453713355338487e6	2.4537133524804083e6	0.00011574074074074075
2.0	2.4540786118102656e6	2.454078611199952e6	0.00011574074074074075
2.0	2.4544438682820443e6	2.4544438674373417e6	0.00011574074074074075
2.0	2.4548091247538226e6	2.454809126868742e6	0.00011574074074074075
2.0	2.4551743812256013e6	2.455174381542162e6	0.00011574074074074075
2.0	2.45553963769738e6	2.4555396381204524e6	0.00011574074074074075
