1.0	2.4335037655696217e6	2.433503764417094e6	0.00011574074074074075
1.0	2.433728466315146e6	2.4337284657592718e6	0.00011574074074074075
1.0	2.4339531670606704e6	2.43395316865273e6	0.00011574074074074075
1.0	2.4341778678061944e6	2.4341778674054984e6	0.00011574074074074075
1.0	2.4344025685517187e6	2.43440256663597e6	0.00011574074074074075
1.0	2.434627269297243e6	2.434627271414636e6	0.00011574074074074075
1.0	2.4348519700427675e6	2.434851972427262e6	0.00011574074074074075
1.0	2.4350766707882914e6	2.435076671829833e6	0.00011574074074074075
1.0	2.4353013715338157e6	2.435301369837278e6	0.00011574074074074075
1.0	2.43552607227934e6	2.435526069859001e6	0.00011574074074074075
1.0	2.4357507730248645e6	2.4357507749987347e6	0.00011574074074074075
1.0	2.4359754737703884e6	2.4359754747123644e6	0.00011574074074074075
1.0	2.436200174515913e6	2.4362001730739423e6	0.00011574074074074075
1.0	2.436424875261437e6	2.436424873820938e6	0.00011574074074074075
1.0	2.4366495760069615e6	2.436649575299549e6	0.00011574074074074075
1.0	2.436874276752486e6	2.436874278395864e6	0.00011574074074074075
1.0	2.43709897749801e6	2.437098977534901e6	0.00011574074074074075
2.0	2.4336244038138185e6	2.4336244053663155e6	0.00011574074074074075
2.0	2.433989659958111e6	2.433989659466925e6	0.00011574074074074075
2.0	2.434354916102404e6	2.434354916550314e6	0.00011574074074074075
2.0	2.4347201722466964e6	2.434720170357399e6	0.00011574074074074075
2.0	2.435085428390989e6	2.4350854292193605e6	0.00011574074074074075
2.0	2.4354506845352817e6	2.4354506863933094e6	0.00011574074074074075
2.0	2.4358159406795744e6	2.4358159384629615e6	0.00011574074074074075
2.0	2.436181196823867e6	2.4361811952688014e6	0.00011574074074074075
2.0	2.4365464529681597e6	2.4365464521077164e6	0.00011574074074074075
2.0	2.4369117091124523e6	2.436911708642025e6	0.00011574074074074075
2.0	2.437276965256745e6	2.4372769680529623e6	0.00011574074074074075
