1.0	2.433503765356857e6	2.433503764417094e6	0.00011574074074074075
1.0	2.4337284661463583e6	2.4337284657592718e6	0.00011574074074074075
1.0	2.4339531669358597e6	2.43395316865273e6	0.00011574074074074075
1.0	2.434177867725361e6	2.4341778674054984e6	0.00011574074074074075
1.0	2.4344025685148626e6	2.43440256663597e6	0.00011574074074074075
1.0	2.434627269304364e6	2.434627271414636e6	0.00011574074074074075
1.0	2.4348519700938654e6	2.434851972427262e6	0.00011574074074074075
1.0	2.435076670883367e6	2.435076671829833e6	0.00011574074074074075
1.0	2.4353013716728687e6	2.435301369837278e6	0.00011574074074074075
1.0	2.43552607246237e6	2.435526069859001e6	0.00011574074074074075
1.0	2.4357507732518716e6	2.4357507749987347e6	0.00011574074074074075
1.0	2.435975474041373e6	2.4359754747123644e6	0.00011574074074074075
1.0	2.4362001748308744e6	2.4362001730739423e6	0.00011574074074074075
1.0	2.436424875620376e6	2.436424873820938e6	0.00011574074074074075
1.0	2.4366495764098773e6	2.436649575299549e6	0.00011574074074074075
1.0	2.4368742771993787e6	2.436874278395864e6	0.00011574074074074075
1.0	2.43709897798888e6	2.437098977534901e6	0.00011574074074074075
1.0	2.4373236787783816e6	2.437323676898619e6	0.00011574074074074075
1.0	2.437548379567883e6	2.437548381763166e6	0.00011574074074074075
1.0	2.4377730803573844e6	2.4377730830635275e6	0.00011574074074074075
1.0	2.437997781146886e6	2.4379977825852456e6	0.00011574074074074075
1.0	2.4382224819363873e6	2.438222480723941e6	0.00011574074074074075
1.0	2.4384471827258887e6	2.4384471807464766e6	0.00011574074074074075
1.0	2.43867188351539e6	2.4386718860215396e6	0.00011574074074074075
1.0	2.438896584304892e6	2.4388965857184045e6	0.00011574074074074075
1.0	2.4391212850943934e6	2.439121284158033e6	0.00011574074074074075
1.0	2.439345985883895e6	2.4393459845244545e6	0.00011574074074074075
1.0	2.4395706866733963e6	2.4395706857374515e6	0.00011574074074074075
1.0	2.4397953874628977e6	2.439795388710597e6	0.00011574074074074075
1.0	2.440020088252399e6	2.4400200874124984e6	0.00011574074074074075
2.0	2.4336244027863815e6	2.4336244053663155e6	0.00011574074074074075
2.0	2.4339896592048816e6	2.433989659466925e6	0.00011574074074074075
2.0	2.4343549156233817e6	2.434354916550314e6	0.00011574074074074075
2.0	2.4347201720418823e6	2.434720170357399e6	0.00011574074074074075
2.0	2.4350854284603824e6	2.4350854292193605e6	0.00011574074074074075
2.0	2.4354506848788825e6	2.4354506863933094e6	0.00011574074074074075
2.0	2.4358159412973826e6	2.4358159384629615e6	0.00011574074074074075
2.0	2.4361811977158827e6	2.4361811952688014e6	0.00011574074074074075
2.0	2.436546454134383e6	2.4365464521077164e6	0.00011574074074074075
2.0	2.4369117105528833e6	2.436911708642025e6	0.00011574074074074075
2.0	2.4372769669713834e6	2.4372769680529623e6	0.00011574074074074075
2.0	2.4376422233898835e6	2.437642223252797e6	0.00011574074074074075
2.0	2.4380074798083836e6	2.4380074811854595e6	0.00011574074074074075
2.0	2.4383727362268837e6	2.4383727384986877e6	0.00011574074074074075
2.0	2.4387379926453843e6	2.438737991370832e6	0.00011574074074074075
2.0	2.4391032490638844e6	2.4391032498315494e6	0.00011574074074074075
2.0	2.4394685054823845e6	2.439468507239575e6	0.00011574074074074075
2.0	2.4398337619008846e6	2.4398337614918607e6	0.00011574074074074075
2.0	2.4401990183193847e6	2.4401990177459153e6	0.00011574074074074075
