1.0	2.433503768922259e6	2.433503767739071e6	0.00011574074074074075
1.0	2.433728469689381e6	2.4337284690812724e6	0.00011574074074074075
1.0	2.433953170456503e6	2.4339531719750776e6	0.00011574074074074075
1.0	2.434177871223625e6	2.434177870727916e6	0.00011574074074074075
1.0	2.434402571990747e6	2.4344025699582947e6	0.00011574074074074075
1.0	2.4346272727578687e6	2.4346272747366736e6	0.00011574074074074075
1.0	2.434851973524991e6	2.43485197574933e6	0.00011574074074074075
1.0	2.4350766742921127e6	2.4350766751520834e6	0.00011574074074074075
1.0	2.435301375059235e6	2.435301373159549e6	0.00011574074074074075
1.0	2.4355260758263567e6	2.4355260731812124e6	0.00011574074074074075
1.0	2.4357507765934784e6	2.4357507783210333e6	0.00011574074074074075
1.0	2.4359754773606006e6	2.4359754780347133e6	0.00011574074074074075
1.0	2.4362001781277223e6	2.436200176396227e6	0.00011574074074074075
1.0	2.4364248788948446e6	2.4364248771429015e6	0.00011574074074074075
1.0	2.4366495796619663e6	2.4366495786214764e6	0.00011574074074074075
1.0	2.4368742804290885e6	2.4368742817181135e6	0.00011574074074074075
1.0	2.4370989811962103e6	2.437098980857228e6	0.00011574074074074075
1.0	2.4373236819633325e6	2.437323680220885e6	0.00011574074074074075
1.0	2.437548382730454e6	2.4375483850851697e6	0.00011574074074074075
1.0	2.4377730834975764e6	2.4377730863856063e6	0.00011574074074074075
1.0	2.437997784264698e6	2.4379977859075307e6	0.00011574074074074075
1.0	2.43822248503182e6	2.4382224840462613e6	0.00011574074074074075
1.0	2.438447185798942e6	2.4384471840687287e6	0.00011574074074074075
1.0	2.438671886566064e6	2.4386718893438475e6	0.00011574074074074075
1.0	2.438896587333186e6	2.4388965890407665e6	0.00011574074074074075
1.0	2.439121288100308e6	2.4391212874803497e6	0.00011574074074074075
1.0	2.43934598886743e6	2.439345987846492e6	0.00011574074074074075
1.0	2.4395706896345518e6	2.4395706890594806e6	0.00011574074074074075
1.0	2.439795390401674e6	2.4397953920329716e6	0.00011574074074074075
1.0	2.4400200911687957e6	2.4400200907349405e6	0.00011574074074074075
1.0	2.4402447919359175e6	2.4402447897783904e6	0.00011574074074074075
1.0	2.4404694927030397e6	2.4404694942025463e6	0.00011574074074074075
1.0	2.4406941934701614e6	2.44069419535917e6	0.00011574074074074075
1.0	2.4409188942372836e6	2.4409188948494215e6	0.00011574074074074075
1.0	2.4411435950044054e6	2.4411435932007753e6	0.00011574074074074075
1.0	2.4413682957715276e6	2.4413682932926365e6	0.00011574074074074075
2.0	2.433624408155106e6	2.4336244108382994e6	0.00011574074074074075
2.0	2.433989664551028e6	2.433989663389096e6	0.00011574074074074075
2.0	2.4343549209469506e6	2.434354923658853e6	0.00011574074074074075
2.0	2.4347201773428726e6	2.43472017482963e6	0.00011574074074074075
2.0	2.435085433738795e6	2.435085434043507e6	0.00011574074074074075
2.0	2.435450690134717e6	2.435450693187783e6	0.00011574074074074075
2.0	2.4358159465306397e6	2.435815942001311e6	0.00011574074074074075
2.0	2.4361812029265617e6	2.436181201080642e6	0.00011574074074074075
2.0	2.436546459322484e6	2.436546458074629e6	0.00011574074074074075
2.0	2.4369117157184063e6	2.436911712235256e6	0.00011574074074074075
2.0	2.4372769721143288e6	2.437276974917499e6	0.00011574074074074075
2.0	2.437642228510251e6	2.4376422282393817e6	0.00011574074074074075
2.0	2.4380074849061733e6	2.4380074855470075e6	0.00011574074074074075
2.0	2.4383727413020954e6	2.4383727455483284e6	0.00011574074074074075
2.0	2.4387379976980174e6	2.4387379952475303e6	0.00011574074074074075
2.0	2.43910325409394e6	2.439103255115474e6	0.00011574074074074075
2.0	2.439468510489862e6	2.4394685136283804e6	0.00011574074074074075
2.0	2.4398337668857845e6	2.439833764921027e6	0.00011574074074074075
2.0	2.4401990232817065e6	2.4401990241883984e6	0.00011574074074074075
2.0	2.440564279677629e6	2.440564276630144e6	0.00011574074074074075
2.0	2.440929536073551e6	2.4409295329951528e6	0.00011574074074074075
2.0	2.4412947924694736e6	2.4412947967109405e6	0.00011574074074074075
2.0	2.4416600488653956e6	2.4416600487075057e6	0.00011574074074074075
