1.0	2.4335037688700124e6	2.433503767739071e6	0.00011574074074074075
1.0	2.4337284696422997e6	2.4337284690812724e6	0.00011574074074074075
1.0	2.433953170414587e6	2.4339531719750776e6	0.00011574074074074075
1.0	2.4341778711868743e6	2.434177870727916e6	0.00011574074074074075
1.0	2.4344025719591617e6	2.4344025699582947e6	0.00011574074074074075
1.0	2.434627272731449e6	2.4346272747366736e6	0.00011574074074074075
1.0	2.4348519735037363e6	2.43485197574933e6	0.00011574074074074075
1.0	2.4350766742760236e6	2.4350766751520834e6	0.00011574074074074075
1.0	2.435301375048311e6	2.435301373159549e6	0.00011574074074074075
1.0	2.4355260758205983e6	2.4355260731812124e6	0.00011574074074074075
1.0	2.4357507765928856e6	2.4357507783210333e6	0.00011574074074074075
1.0	2.435975477365173e6	2.4359754780347133e6	0.00011574074074074075
1.0	2.4362001781374603e6	2.436200176396227e6	0.00011574074074074075
1.0	2.4364248789097476e6	2.4364248771429015e6	0.00011574074074074075
1.0	2.436649579682035e6	2.4366495786214764e6	0.00011574074074074075
1.0	2.436874280454322e6	2.4368742817181135e6	0.00011574074074074075
1.0	2.4370989812266096e6	2.437098980857228e6	0.00011574074074074075
1.0	2.437323681998897e6	2.437323680220885e6	0.00011574074074074075
1.0	2.437548382771184e6	2.4375483850851697e6	0.00011574074074074075
1.0	2.437773083543472e6	2.4377730863856063e6	0.00011574074074074075
1.0	2.4379977843157593e6	2.4379977859075307e6	0.00011574074074074075
1.0	2.4382224850880466e6	2.4382224840462613e6	0.00011574074074074075
1.0	2.438447185860334e6	2.4384471840687287e6	0.00011574074074074075
1.0	2.4386718866326213e6	2.4386718893438475e6	0.00011574074074074075
1.0	2.4388965874049086e6	2.4388965890407665e6	0.00011574074074074075
1.0	2.439121288177196e6	2.4391212874803497e6	0.00011574074074074075
1.0	2.4393459889494833e6	2.439345987846492e6	0.00011574074074074075
1.0	2.4395706897217706e6	2.4395706890594806e6	0.00011574074074074075
1.0	2.439795390494058e6	2.4397953920329716e6	0.00011574074074074075
1.0	2.440020091266345e6	2.4400200907349405e6	0.00011574074074074075
1.0	2.4402447920386326e6	2.4402447897783904e6	0.00011574074074074075
1.0	2.44046949281092e6	2.4404694942025463e6	0.00011574074074074075
1.0	2.440694193583207e6	2.44069419535917e6	0.00011574074074074075
1.0	2.4409188943554945e6	2.4409188948494215e6	0.00011574074074074075
1.0	2.441143595127782e6	2.4411435932007753e6	0.00011574074074074075
1.0	2.441368295900069e6	2.4413682932926365e6	0.00011574074074074075
1.0	2.4415929966723565e6	2.44159299888186e6	0.00011574074074074075
1.0	2.441817697444644e6	2.441817698937439e6	0.00011574074074074075
1.0	2.442042398216931e6	2.442042397488785e6	0.00011574074074074075
1.0	2.4422670989892185e6	2.4422670979617075e6	0.00011574074074074075
1.0	2.442491799761506e6	2.4424917991881943e6	0.00011574074074074075
2.0	2.4336244077534317e6	2.4336244108382994e6	0.00011574074074074075
2.0	2.433989664203788e6	2.433989663389096e6	0.00011574074074074075
2.0	2.434354920654144e6	2.434354923658853e6	0.00011574074074074075
2.0	2.4347201771045006e6	2.43472017482963e6	0.00011574074074074075
2.0	2.4350854335548566e6	2.435085434043507e6	0.00011574074074074075
2.0	2.435450690005213e6	2.435450693187783e6	0.00011574074074074075
2.0	2.435815946455569e6	2.435815942001311e6	0.00011574074074074075
2.0	2.4361812029059255e6	2.436181201080642e6	0.00011574074074074075
2.0	2.4365464593562814e6	2.436546458074629e6	0.00011574074074074075
2.0	2.436911715806638e6	2.436911712235256e6	0.00011574074074074075
2.0	2.437276972256994e6	2.437276974917499e6	0.00011574074074074075
2.0	2.4376422287073503e6	2.4376422282393817e6	0.00011574074074074075
2.0	2.4380074851577063e6	2.4380074855470075e6	0.00011574074074074075
2.0	2.4383727416080628e6	2.4383727455483284e6	0.00011574074074074075
2.0	2.438737998058419e6	2.4387379952475303e6	0.00011574074074074075
2.0	2.439103254508775e6	2.439103255115474e6	0.00011574074074074075
2.0	2.4394685109591316e6	2.4394685136283804e6	0.00011574074074074075
2.0	2.4398337674094876e6	2.439833764921027e6	0.00011574074074074075
2.0	2.440199023859844e6	2.4401990241883984e6	0.00011574074074074075
2.0	2.4405642803102e6	2.440564276630144e6	0.00011574074074074075
2.0	2.4409295367605565e6	2.4409295329951528e6	0.00011574074074074075
2.0	2.4412947932109125e6	2.4412947967109405e6	0.00011574074074074075
2.0	2.441660049661269e6	2.4416600487075057e6	0.00011574074074074075
2.0	2.442025306111625e6	2.4420253080788143e6	0.00011574074074074075
2.0	2.4423905625619814e6	2.4423905670064217e6	0.00011574074074074075
2.0	2.4427558190123374e6	2.442755817133993e6	0.00011574074074074075
