1.0	2.4335038533514496e6	2.4335037521937457e6	0.00011574074074074075
1.0	2.4337285536492346e6	2.433728447583405e6	0.00011574074074074075
1.0	2.4339532539470196e6	2.433953169808285e6	0.00011574074074074075
1.0	2.4341779542448046e6	2.4341779113638303e6	0.00011574074074074075
1.0	2.4344026545425896e6	2.4344026711704154e6	0.00011574074074074075
1.0	2.4346273548403746e6	2.434627444789439e6	0.00011574074074074075
1.0	2.434852055138159e6	2.434852215494142e6	0.00011574074074074075
1.0	2.435076755435944e6	2.435076975510253e6	0.00011574074074074075
1.0	2.435301455733729e6	2.4353017180735804e6	0.00011574074074074075
1.0	2.435526156031514e6	2.4355264428372295e6	0.00011574074074074075
1.0	2.435750856329299e6	2.4357511481714314e6	0.00011574074074074075
1.0	2.435975556627084e6	2.4359758242390775e6	0.00011574074074074075
1.0	2.436200256924869e6	2.436200475880683e6	0.00011574074074074075
1.0	2.436424957222654e6	2.4364251098497794e6	0.00011574074074074075
1.0	2.436649657520439e6	2.4366497296000547e6	0.00011574074074074075
1.0	2.436874357818224e6	2.4368743412044467e6	0.00011574074074074075
1.0	2.437099058116009e6	2.4370989474983388e6	0.00011574074074074075
1.0	2.4373237584137935e6	2.4373235597412935e6	0.00011574074074074075
1.0	2.4375484587115785e6	2.437548191809395e6	0.00011574074074074075
1.0	2.4377731590093635e6	2.4377728420405616e6	0.00011574074074074075
1.0	2.4379978593071485e6	2.4379975174457207e6	0.00011574074074074075
1.0	2.4382225596049335e6	2.4382222213778663e6	0.00011574074074074075
1.0	2.4384472599027185e6	2.4384469555552593e6	0.00011574074074074075
1.0	2.4386719602005035e6	2.4386717180158324e6	0.00011574074074074075
1.0	2.4388966604982885e6	2.438896490626745e6	0.00011574074074074075
1.0	2.4391213607960735e6	2.4391212691932092e6	0.00011574074074074075
1.0	2.4393460610938584e6	2.4393460461621624e6	0.00011574074074074075
1.0	2.4395707613916434e6	2.439570814338339e6	0.00011574074074074075
1.0	2.439795461689428e6	2.4397955673137093e6	0.00011574074074074075
1.0	2.440020161987213e6	2.4400202961559608e6	0.00011574074074074075
1.0	2.440244862284998e6	2.440245003743006e6	0.00011574074074074075
1.0	2.440469562582783e6	2.440469694744001e6	0.00011574074074074075
1.0	2.440694262880568e6	2.440694363915521e6	0.00011574074074074075
1.0	2.440918963178353e6	2.440919015450296e6	0.00011574074074074075
1.0	2.441143663476138e6	2.4411436552844415e6	0.00011574074074074075
1.0	2.441368363773923e6	2.441368293585542e6	0.00011574074074074075
1.0	2.441593064071708e6	2.441592940255004e6	0.00011574074074074075
1.0	2.441817764369493e6	2.4418175925649293e6	0.00011574074074074075
1.0	2.442042464667278e6	2.442042261258411e6	0.00011574074074074075
1.0	2.4422671649650624e6	2.442266955632942e6	0.00011574074074074075
1.0	2.4424918652628474e6	2.442491677791527e6	0.00011574074074074075
1.0	2.4427165655606324e6	2.442716426988699e6	0.00011574074074074075
1.0	2.4429412658584174e6	2.442941194051917e6	0.00011574074074074075
1.0	2.4431659661562024e6	2.4431659754470713e6	0.00011574074074074075
1.0	2.4433906664539874e6	2.4433907664364823e6	0.00011574074074074075
1.0	2.4436153667517724e6	2.4436155507045365e6	0.00011574074074074075
1.0	2.4438400670495573e6	2.4438403197063375e6	0.00011574074074074075
1.0	2.4440647673473423e6	2.444065067677437e6	0.00011574074074074075
1.0	2.4442894676451273e6	2.4442897940127337e6	0.00011574074074074075
2.0	2.4336244854613664e6	2.4336243849558937e6	0.00011574074074074075
2.0	2.433989743190072e6	2.4339896672769403e6	0.00011574074074074075
2.0	2.434355000918778e6	2.4343550248211497e6	0.00011574074074074075
2.0	2.434720258647484e6	2.434720406731917e6	0.00011574074074074075
2.0	2.4350855163761894e6	2.4350857858361644e6	0.00011574074074074075
2.0	2.435450774104895e6	2.435451115968235e6	0.00011574074074074075
2.0	2.435816031833601e6	2.4358163669386613e6	0.00011574074074074075
2.0	2.436181289562307e6	2.436181554605177e6	0.00011574074074074075
2.0	2.4365465472910125e6	2.4365466784234815e6	0.00011574074074074075
2.0	2.436911805019718e6	2.4369117632896956e6	0.00011574074074074075
2.0	2.4372770627484242e6	2.4372768542672563e6	0.00011574074074074075
2.0	2.43764232047713e6	2.4376419748528716e6	0.00011574074074074075
2.0	2.4380075782058355e6	2.4380071727106418e6	0.00011574074074074075
2.0	2.438372835934541e6	2.438372463008195e6	0.00011574074074074075
2.0	2.4387380936632473e6	2.4387378200924774e6	0.00011574074074074075
2.0	2.439103351391953e6	2.4391032263917224e6	0.00011574074074074075
2.0	2.4394686091206586e6	2.4394686261041616e6	0.00011574074074074075
2.0	2.4398338668493642e6	2.4398339766546045e6	0.00011574074074074075
2.0	2.4401991245780704e6	2.44019927307057e6	0.00011574074074074075
2.0	2.440564382306776e6	2.440564496700447e6	0.00011574074074074075
2.0	2.4409296400354817e6	2.440929670152621e6	0.00011574074074074075
2.0	2.441294897764188e6	2.441294820436235e6	0.00011574074074074075
2.0	2.4416601554928934e6	2.441659962244569e6	0.00011574074074074075
2.0	2.442025413221599e6	2.4420251513276226e6	0.00011574074074074075
2.0	2.4423906709503047e6	2.4423904107327634e6	0.00011574074074074075
2.0	2.442755928679011e6	2.442755742051332e6	0.00011574074074074075
2.0	2.4431211864077165e6	2.4431211442516847e6	0.00011574074074074075
2.0	2.443486444136422e6	2.443486561720231e6	0.00011574074074074075
2.0	2.443851701865128e6	2.443851955600286e6	0.00011574074074074075
2.0	2.444216959593834e6	2.444217295129567e6	0.00011574074074074075
2.0	2.4445822173225395e6	2.4445825459403074e6	0.00011574074074074075
