1.0	2.4335037656045337e6	2.4335037643527393e6	0.00011574074074074075
1.0	2.4337284663739684e6	2.4337284657078385e6	0.00011574074074074075
1.0	2.4339531671434036e6	2.433953168655873e6	0.00011574074074074075
1.0	2.4341778679128382e6	2.434177867370836e6	0.00011574074074074075
1.0	2.4344025686822734e6	2.434402566841741e6	0.00011574074074074075
1.0	2.434627269451708e6	2.4346272712821243e6	0.00011574074074074075
1.0	2.4348519702211428e6	2.434851972373025e6	0.00011574074074074075
1.0	2.435076670990578e6	2.4350766718479055e6	0.00011574074074074075
1.0	2.4353013717600126e6	2.4353013695314922e6	0.00011574074074074075
1.0	2.4355260725294477e6	2.4355260699751247e6	0.00011574074074074075
1.0	2.4357507732988824e6	2.43575077512401e6	0.00011574074074074075
1.0	2.435975474068317e6	2.435975474734011e6	0.00011574074074074075
1.0	2.4362001748377522e6	2.4362001731339134e6	0.00011574074074074075
1.0	2.436424875607187e6	2.4364248739935514e6	0.00011574074074074075
1.0	2.4366495763766216e6	2.436649575342091e6	0.00011574074074074075
1.0	2.4368742771460568e6	2.436874278293294e6	0.00011574074074074075
1.0	2.4370989779154914e6	2.4370989776141327e6	0.00011574074074074075
1.0	2.4373236786849266e6	2.437323676714524e6	0.00011574074074074075
1.0	2.4375483794543613e6	2.437548381810695e6	0.00011574074074074075
1.0	2.437773080223796e6	2.437773082964413e6	0.00011574074074074075
1.0	2.437997780993231e6	2.4379977824636037e6	0.00011574074074074075
1.0	2.438222481762666e6	2.438222480782052e6	0.00011574074074074075
1.0	2.438447182532101e6	2.438447180721448e6	0.00011574074074074075
1.0	2.4386718833015356e6	2.4386718859397774e6	0.00011574074074074075
1.0	2.4388965840709703e6	2.4388965852163825e6	0.00011574074074074075
1.0	2.4391212848404055e6	2.4391212842239854e6	0.00011574074074074075
1.0	2.43934598560984e6	2.439345984359864e6	0.00011574074074074075
1.0	2.4395706863792753e6	2.4395706856943495e6	0.00011574074074074075
1.0	2.43979538714871e6	2.4397953887533066e6	0.00011574074074074075
1.0	2.4400200879181447e6	2.4400200874116174e6	0.00011574074074074075
1.0	2.44024478868758e6	2.4402447865211554e6	0.00011574074074074075
1.0	2.4404694894570145e6	2.44046949089288e6	0.00011574074074074075
1.0	2.4406941902264496e6	2.4406941921030367e6	0.00011574074074074075
1.0	2.4409188909958843e6	2.4409188916060417e6	0.00011574074074074075
1.0	2.441143591765319e6	2.441143589723574e6	0.00011574074074074075
1.0	2.441368292534754e6	2.4413682899429137e6	0.00011574074074074075
1.0	2.441592993304189e6	2.441592995677632e6	0.00011574074074074075
1.0	2.4418176940736235e6	2.4418176956963567e6	0.00011574074074074075
1.0	2.4420423948430587e6	2.4420423941496843e6	0.00011574074074074075
1.0	2.4422670956124933e6	2.4422670947140595e6	0.00011574074074074075
1.0	2.4424917963819285e6	2.4424917960767164e6	0.00011574074074074075
1.0	2.442716497151363e6	2.442716498982113e6	0.00011574074074074075
1.0	2.442941197920798e6	2.4429411978206392e6	0.00011574074074074075
1.0	2.443165898690233e6	2.4431658969012643e6	0.00011574074074074075
1.0	2.4433905994596677e6	2.4433906010463336e6	0.00011574074074074075
1.0	2.443615300229103e6	2.443615302461236e6	0.00011574074074074075
1.0	2.4438400009985375e6	2.4438400020510578e6	0.00011574074074074075
1.0	2.444064701767972e6	2.444064699983171e6	0.00011574074074074075
1.0	2.4442894025374074e6	2.444289399776831e6	0.00011574074074074075
2.0	2.4336244027157146e6	2.4336244052098757e6	0.00011574074074074075
2.0	2.433989659142786e6	2.433989659501921e6	0.00011574074074074075
2.0	2.434354915569857e6	2.434354916692126e6	0.00011574074074074075
2.0	2.4347201719969288e6	2.4347201703043925e6	0.00011574074074074075
2.0	2.435085428424e6	2.4350854291766826e6	0.00011574074074074075
2.0	2.4354506848510713e6	2.435450686325264e6	0.00011574074074074075
2.0	2.4358159412781424e6	2.4358159385659858e6	0.00011574074074074075
2.0	2.436181197705214e6	2.4361811952965125e6	0.00011574074074074075
2.0	2.436546454132285e6	2.4365464520851322e6	0.00011574074074074075
2.0	2.4369117105593565e6	2.436911708717734e6	0.00011574074074074075
2.0	2.4372769669864275e6	2.43727696795828e6	0.00011574074074074075
2.0	2.437642223413499e6	2.437642223061759e6	0.00011574074074074075
2.0	2.43800747984057e6	2.4380074811376594e6	0.00011574074074074075
2.0	2.4383727362676417e6	2.4383727385018463e6	0.00011574074074074075
2.0	2.438737992694713e6	2.438737991405276e6	0.00011574074074074075
2.0	2.439103249121784e6	2.4391032498398093e6	0.00011574074074074075
2.0	2.4394685055488558e6	2.4394685071360427e6	0.00011574074074074075
2.0	2.439833761975927e6	2.4398337612609863e6	0.00011574074074074075
2.0	2.4401990184029983e6	2.440199017724239e6	0.00011574074074074075
2.0	2.4405642748300694e6	2.4405642710362505e6	0.00011574074074074075
2.0	2.440929531257141e6	2.440929528849403e6	0.00011574074074074075
2.0	2.441294787684212e6	2.441294789576169e6	0.00011574074074074075
2.0	2.4416600441112835e6	2.4416600443108142e6	0.00011574074074074075
2.0	2.4420253005383546e6	2.4420253034547055e6	0.00011574074074074075
2.0	2.442390556965426e6	2.4423905602583103e6	0.00011574074074074075
2.0	2.4427558133924976e6	2.4427558136618114e6	0.00011574074074074075
2.0	2.4431210698195687e6	2.443121070851176e6	0.00011574074074074075
2.0	2.44348632624664e6	2.443486324796745e6	0.00011574074074074075
2.0	2.4438515826737112e6	2.4438515825598123e6	0.00011574074074074075
2.0	2.4442168391007828e6	2.444216840426022e6	0.00011574074074074075
2.0	2.444582095527854e6	2.4445820922295335e6	0.00011574074074074075
