1.0	2.4335037689267136e6	2.433503767546006e6	0.00034722222222222224
1.0	2.4337284696961497e6	2.4337284689269727e6	0.00034722222222222224
1.0	2.4339531704655862e6	2.4339531719845063e6	0.00034722222222222224
1.0	2.4341778712350223e6	2.434177870623928e6	0.00034722222222222224
1.0	2.434402572004459e6	2.4344025705756075e6	0.00034722222222222224
1.0	2.434627272773895e6	2.4346272743391385e6	0.00034722222222222224
1.0	2.4348519735433315e6	2.4348519755866197e6	0.00034722222222222224
1.0	2.4350766743127676e6	2.4350766752063e6	0.00034722222222222224
1.0	2.435301375082204e6	2.4353013722421913e6	0.00034722222222222224
1.0	2.43552607585164e6	2.435526073529584e6	0.00034722222222222224
1.0	2.4357507766210763e6	2.43575077869686e6	0.00034722222222222224
1.0	2.435975477390513e6	2.4359754780996535e6	0.00034722222222222224
1.0	2.436200178159949e6	2.43620017657614e6	0.00034722222222222224
1.0	2.4364248789293854e6	2.4364248776607416e6	0.00034722222222222224
1.0	2.4366495796988215e6	2.4366495787491025e6	0.00034722222222222224
1.0	2.436874280468258e6	2.436874281410403e6	0.00034722222222222224
1.0	2.437098981237694e6	2.437098981094924e6	0.00034722222222222224
1.0	2.4373236820071307e6	2.4373236796686007e6	0.00034722222222222224
1.0	2.437548382776567e6	2.4375483852277575e6	0.00034722222222222224
1.0	2.437773083546003e6	2.4377730860882625e6	0.00034722222222222224
1.0	2.4379977843154394e6	2.4379977855426045e6	0.00034722222222222224
1.0	2.4382224850848755e6	2.4382224842205946e6	0.00034722222222222224
1.0	2.438447185854312e6	2.4384471839936427e6	0.00034722222222222224
1.0	2.438671886623748e6	2.4386718890985614e6	0.00034722222222222224
1.0	2.4388965873931847e6	2.438896587534701e6	0.00034722222222222224
1.0	2.4391212881626207e6	2.439121287678207e6	0.00034722222222222224
1.0	2.4393459889320573e6	2.4393459873527214e6	0.00034722222222222224
1.0	2.4395706897014934e6	2.439570688930175e6	0.00034722222222222224
1.0	2.4397953904709294e6	2.4397953921611e6	0.00034722222222222224
1.0	2.440020091240366e6	2.440020090732297e6	0.00034722222222222224
1.0	2.440244792009802e6	2.4402447899737614e6	0.00034722222222222224
1.0	2.4404694927792386e6	2.4404694942396535e6	0.00034722222222222224
1.0	2.4406941935486747e6	2.4406941955568986e6	0.00034722222222222224
1.0	2.4409188943181112e6	2.4409188950859094e6	0.00034722222222222224
1.0	2.4411435950875473e6	2.4411435927358014e6	0.00034722222222222224
1.0	2.441368295856984e6	2.441368293209899e6	0.00034722222222222224
1.0	2.44159299662642e6	2.441592999235804e6	0.00034722222222222224
1.0	2.4418176973958565e6	2.4418176991811097e6	0.00034722222222222224
1.0	2.4420423981652926e6	2.4420423974383646e6	0.00034722222222222224
1.0	2.4422670989347287e6	2.4422670981849353e6	0.00034722222222222224
1.0	2.442491799704165e6	2.4424917998199128e6	0.00034722222222222224
1.0	2.4427165004736013e6	2.442716502219487e6	0.00034722222222222224
1.0	2.442941201243038e6	2.4429412013182202e6	0.00034722222222222224
1.0	2.443165902012474e6	2.4431659002437643e6	0.00034722222222222224
1.0	2.4433906027819104e6	2.4433906041713473e6	0.00034722222222222224
1.0	2.4436153035513465e6	2.443615305997264e6	0.00034722222222222224
1.0	2.443840004320783e6	2.4438400057465285e6	0.00034722222222222224
1.0	2.444064705090219e6	2.4440647034193897e6	0.00034722222222222224
1.0	2.4442894058596552e6	2.4442894030467714e6	0.00034722222222222224
2.0	2.433624407954262e6	2.43362441036898e6	0.00034722222222222224
2.0	2.4339896643839916e6	2.433989663494084e6	0.00034722222222222224
2.0	2.4343549208137216e6	2.4343549240842895e6	0.00034722222222222224
2.0	2.434720177243451e6	2.43472017467061e6	0.00034722222222222224
2.0	2.4350854336731806e6	2.435085433915474e6	0.00034722222222222224
2.0	2.4354506901029106e6	2.435450692983648e6	0.00034722222222222224
2.0	2.43581594653264e6	2.4358159423103835e6	0.00034722222222222224
2.0	2.4361812029623697e6	2.436181201163775e6	0.00034722222222222224
2.0	2.4365464593920996e6	2.4365464580068765e6	0.00034722222222222224
2.0	2.436911715821829e6	2.4369117124623833e6	0.00034722222222222224
2.0	2.4372769722515587e6	2.437276974633451e6	0.00034722222222222224
2.0	2.4376422286812887e6	2.437642227666268e6	0.00034722222222222224
2.0	2.438007485111018e6	2.4380074854036076e6	0.00034722222222222224
2.0	2.4383727415407477e6	2.4383727455578046e6	0.00034722222222222224
2.0	2.438737997970477e6	2.438737995350862e6	0.00034722222222222224
2.0	2.439103254400207e6	2.4391032551402543e6	0.00034722222222222224
2.0	2.4394685108299367e6	2.439468513317784e6	0.00034722222222222224
2.0	2.439833767259666e6	2.439833764228404e6	0.00034722222222222224
2.0	2.440199023689396e6	2.440199024123369e6	0.00034722222222222224
2.0	2.4405642801191257e6	2.4405642764268653e6	0.00034722222222222224
2.0	2.4409295365488552e6	2.4409295324710547e6	0.00034722222222222224
2.0	2.441294792978585e6	2.4412947966732946e6	0.00034722222222222224
2.0	2.4416600494083147e6	2.441660048578513e6	0.00034722222222222224
2.0	2.4420253058380443e6	2.442025308498754e6	0.00034722222222222224
2.0	2.4423905622677743e6	2.442390566935585e6	0.00034722222222222224
2.0	2.442755818697504e6	2.4427558171383278e6	0.00034722222222222224
2.0	2.4431210751272333e6	2.4431210767957214e6	0.00034722222222222224
2.0	2.4434863315569633e6	2.44348633059823e6	0.00034722222222222224
2.0	2.443851587986693e6	2.443851585972636e6	0.00034722222222222224
2.0	2.4442168444164223e6	2.444216847717633e6	0.00034722222222222224
2.0	2.4445821008461523e6	2.444582097128384e6	0.00034722222222222224
