1.0	2.433503765472783e6	2.4335037642239067e6	0.00034722222222222224
1.0	2.4337284662474985e6	2.433728465604851e6	0.00034722222222222224
1.0	2.4339531670222143e6	2.433953168662038e6	0.00034722222222222224
1.0	2.4341778677969296e6	2.434177867301391e6	0.00034722222222222224
1.0	2.4344025685716453e6	2.434402567253164e6	0.00034722222222222224
1.0	2.434627269346361e6	2.434627271016983e6	0.00034722222222222224
1.0	2.434851970121077e6	2.434851972264434e6	0.00034722222222222224
1.0	2.4350766708957925e6	2.435076671883933e6	0.00034722222222222224
1.0	2.4353013716705083e6	2.4353013689198038e6	0.00034722222222222224
1.0	2.4355260724452236e6	2.435526070207257e6	0.00034722222222222224
1.0	2.4357507732199393e6	2.435750775374447e6	0.00034722222222222224
1.0	2.435975473994655e6	2.435975474777191e6	0.00034722222222222224
1.0	2.436200174769371e6	2.4362001732537416e6	0.00034722222222222224
1.0	2.4364248755440866e6	2.4364248743386646e6	0.00034722222222222224
1.0	2.4366495763188023e6	2.4366495754270623e6	0.00034722222222222224
1.0	2.4368742770935176e6	2.4368742780880416e6	0.00034722222222222224
1.0	2.4370989778682333e6	2.437098977772485e6	0.00034722222222222224
1.0	2.437323678642949e6	2.437323676346224e6	0.00034722222222222224
1.0	2.437548379417665e6	2.4375483819056437e6	0.00034722222222222224
1.0	2.4377730801923806e6	2.437773082766074e6	0.00034722222222222224
1.0	2.4379977809670963e6	2.4379977822202095e6	0.00034722222222222224
1.0	2.4382224817418116e6	2.4382224808981647e6	0.00034722222222222224
1.0	2.4384471825165274e6	2.4384471806712816e6	0.00034722222222222224
1.0	2.438671883291243e6	2.4386718857761445e6	0.00034722222222222224
1.0	2.438896584065959e6	2.4388965842122305e6	0.00034722222222222224
1.0	2.4391212848406746e6	2.439121284355782e6	0.00034722222222222224
1.0	2.4393459856153904e6	2.439345984030576e6	0.00034722222222222224
1.0	2.4395706863901056e6	2.439570685608038e6	0.00034722222222222224
1.0	2.4397953871648214e6	2.439795388838618e6	0.00034722222222222224
1.0	2.440020087939537e6	2.4400200874097473e6	0.00034722222222222224
1.0	2.440244788714253e6	2.4402447866512956e6	0.00034722222222222224
1.0	2.4404694894889686e6	2.4404694909175113e6	0.00034722222222222224
1.0	2.4406941902636844e6	2.440694192234749e6	0.00034722222222222224
1.0	2.4409188910383997e6	2.4409188917635935e6	0.00034722222222222224
1.0	2.4411435918131154e6	2.441143589413484e6	0.00034722222222222224
1.0	2.441368292587831e6	2.4413682898876485e6	0.00034722222222222224
1.0	2.441592993362547e6	2.4415929959134874e6	0.00034722222222222224
1.0	2.4418176941372626e6	2.4418176958586974e6	0.00034722222222222224
1.0	2.4420423949119784e6	2.4420423941159635e6	0.00034722222222222224
1.0	2.4422670956866937e6	2.4422670948627708e6	0.00034722222222222224
1.0	2.4424917964614094e6	2.4424917964977548e6	0.00034722222222222224
1.0	2.442716497236125e6	2.4427164988969914e6	0.00034722222222222224
1.0	2.442941198010841e6	2.4429411979956636e6	0.00034722222222222224
1.0	2.4431658987855567e6	2.443165896921299e6	0.00034722222222222224
1.0	2.4433905995602724e6	2.44339060084919e6	0.00034722222222222224
1.0	2.4436153003349877e6	2.443615302675071e6	0.00034722222222222224
1.0	2.4438400011097034e6	2.4438400024241186e6	0.00034722222222222224
1.0	2.444064701884419e6	2.44406470009695e6	0.00034722222222222224
1.0	2.444289402659135e6	2.444289399724388e6	0.00034722222222222224
1.0	2.4445141034338507e6	2.4445141045461097e6	0.00034722222222222224
1.0	2.4447388042085664e6	2.4447388049395005e6	0.00034722222222222224
1.0	2.4449635049832817e6	2.4449635035033547e6	0.00034722222222222224
1.0	2.4451882057579975e6	2.445188203239735e6	0.00034722222222222224
1.0	2.445412906532713e6	2.44541290449919e6	0.00034722222222222224
1.0	2.445637607307429e6	2.4456376080297325e6	0.00034722222222222224
1.0	2.4458623080821447e6	2.4458623076434475e6	0.00034722222222222224
1.0	2.4460870088568605e6	2.446087006883316e6	0.00034722222222222224
1.0	2.4463117096315757e6	2.4463117113134232e6	0.00034722222222222224
1.0	2.4465364104062915e6	2.4465364129867493e6	0.00034722222222222224
1.0	2.446761111181007e6	2.4467611123185297e6	0.00034722222222222224
1.0	2.446985811955723e6	2.446985810073088e6	0.00034722222222222224
1.0	2.4472105127304387e6	2.447210510429103e6	0.00034722222222222224
1.0	2.4474352135051545e6	2.4474352158543263e6	0.00034722222222222224
1.0	2.4476599142798698e6	2.447659915954413e6	0.00034722222222222224
1.0	2.4478846150545855e6	2.4478846141582076e6	0.00034722222222222224
1.0	2.4481093158293013e6	2.448109314019949e6	0.00034722222222222224
1.0	2.448334016604017e6	2.448334014779072e6	0.00034722222222222224
1.0	2.4485587173787327e6	2.4485587187681906e6	0.00034722222222222224
1.0	2.4487834181534485e6	2.4487834175469615e6	0.00034722222222222224
1.0	2.449008118928164e6	2.449008116153608e6	0.00034722222222222224
1.0	2.4492328197028795e6	2.449232820812757e6	0.00034722222222222224
1.0	2.4494575204775953e6	2.44945752191614e6	0.00034722222222222224
1.0	2.449682221252311e6	2.44968222244582e6	0.00034722222222222224
1.0	2.449906922027027e6	2.4499069201881015e6	0.00034722222222222224
1.0	2.4501316228017425e6	2.4501316205319413e6	0.00034722222222222224
1.0	2.450356323576458e6	2.450356326233855e6	0.00034722222222222224
1.0	2.4505810243511735e6	2.45058102607376e6	0.00034722222222222224
1.0	2.4508057251258893e6	2.4508057245926647e6	0.00034722222222222224
1.0	2.451030425900605e6	2.4510304254048727e6	0.00034722222222222224
1.0	2.451255126675321e6	2.45125512600456e6	0.00034722222222222224
1.0	2.451479827450036e6	2.451479829263555e6	0.00034722222222222224
1.0	2.451704528224752e6	2.451704527803987e6	0.00034722222222222224
2.0	2.433624402349875e6	2.4336244061954035e6	0.00034722222222222224
2.0	2.4339896588050155e6	2.433989659510558e6	0.00034722222222222224
2.0	2.4343549152601557e6	2.434354916660332e6	0.00034722222222222224
2.0	2.4347201717152963e6	2.434720170453277e6	0.00034722222222222224
2.0	2.435085428170437e6	2.435085428654849e6	0.00034722222222222224
2.0	2.435450684625577e6	2.4354506860677907e6	0.00034722222222222224
2.0	2.435815941080718e6	2.435815938139807e6	0.00034722222222222224
2.0	2.436181197535858e6	2.4361811945775673e6	0.00034722222222222224
2.0	2.4365464539909987e6	2.4365464521553987e6	0.00034722222222222224
2.0	2.4369117104461393e6	2.43691170973555e6	0.00034722222222222224
2.0	2.4372769669012795e6	2.437276967802392e6	0.00034722222222222224
2.0	2.43764222335642e6	2.4376422230523378e6	0.00034722222222222224
2.0	2.438007479811561e6	2.438007481344886e6	0.00034722222222222224
2.0	2.438372736266701e6	2.438372738584439e6	0.00034722222222222224
2.0	2.4387379927218417e6	2.4387379913618346e6	0.00034722222222222224
2.0	2.4391032491769823e6	2.439103249611986e6	0.00034722222222222224
2.0	2.4394685056321225e6	2.439468506885168e6	0.00034722222222222224
2.0	2.439833762087263e6	2.4398337610363774e6	0.00034722222222222224
2.0	2.440199018542404e6	2.4401990179843795e6	0.00034722222222222224
2.0	2.440564274997544e6	2.4405642710710606e6	0.00034722222222222224
2.0	2.4409295314526847e6	2.440929528925125e6	0.00034722222222222224
2.0	2.441294787907825e6	2.4412947894709827e6	0.00034722222222222224
2.0	2.4416600443629655e6	2.4416600443205857e6	0.00034722222222222224
2.0	2.442025300818106e6	2.442025303581612e6	0.00034722222222222224
2.0	2.4423905572732463e6	2.4423905607826486e6	0.00034722222222222224
2.0	2.442755813728387e6	2.4427558135647415e6	0.00034722222222222224
2.0	2.4431210701835277e6	2.4431210707029523e6	0.00034722222222222224
2.0	2.443486326638668e6	2.4434863246605326e6	0.00034722222222222224
2.0	2.4438515830938085e6	2.4438515827410906e6	0.00034722222222222224
2.0	2.444216839548949e6	2.4442168397777774e6	0.00034722222222222224
2.0	2.4445820960040893e6	2.4445820926026986e6	0.00034722222222222224
2.0	2.44494735245923e6	2.4449473490830734e6	0.00034722222222222224
2.0	2.4453126089143706e6	2.4453126077323435e6	0.00034722222222222224
2.0	2.445677865369511e6	2.445677864111248e6	0.00034722222222222224
2.0	2.4460431218246515e6	2.4460431246726033e6	0.00034722222222222224
2.0	2.4464083782797917e6	2.4464083794845752e6	0.00034722222222222224
2.0	2.4467736347349323e6	2.446773638111314e6	0.00034722222222222224
2.0	2.447138891190073e6	2.447138893900737e6	0.00034722222222222224
2.0	2.447504147645213e6	2.4475041464831154e6	0.00034722222222222224
2.0	2.447869404100354e6	2.447869404893511e6	0.00034722222222222224
2.0	2.4482346605554945e6	2.4482346617238955e6	0.00034722222222222224
2.0	2.4485999170106347e6	2.4485999153496665e6	0.00034722222222222224
2.0	2.4489651734657753e6	2.4489651714620516e6	0.00034722222222222224
2.0	2.449330429920916e6	2.4493304249514765e6	0.00034722222222222224
2.0	2.449695686376056e6	2.4496956833052994e6	0.00034722222222222224
2.0	2.450060942831197e6	2.4500609433971434e6	0.00034722222222222224
2.0	2.450426199286337e6	2.4504261992943375e6	0.00034722222222222224
2.0	2.4507914557414777e6	2.4507914580010194e6	0.00034722222222222224
2.0	2.4511567121966183e6	2.4511567150289807e6	0.00034722222222222224
2.0	2.4515219686517585e6	2.4515219689447777e6	0.00034722222222222224
2.0	2.451887225106899e6	2.451887226526649e6	0.00034722222222222224
