1.0	2.433503768794965e6	2.4335037676424165e6	0.00017361111111111112
1.0	2.433728469569682e6	2.4337284690040015e6	0.00017361111111111112
1.0	2.433953170344399e6	2.4339531719796723e6	0.00017361111111111112
1.0	2.434177871119116e6	2.4341778706758027e6	0.00017361111111111112
1.0	2.434402571893833e6	2.434402570266833e6	0.00017361111111111112
1.0	2.43462727266855e6	2.4346272745377882e6	0.00017361111111111112
1.0	2.434851973443267e6	2.4348519756678576e6	0.00017361111111111112
1.0	2.435076674217984e6	2.4350766751790754e6	0.00017361111111111112
1.0	2.4353013749927008e6	2.4353013727007536e6	0.00017361111111111112
1.0	2.435526075767418e6	2.435526073355283e6	0.00017361111111111112
1.0	2.435750776542135e6	2.435750778508832e6	0.00017361111111111112
1.0	2.435975477316852e6	2.4359754780670702e6	0.00017361111111111112
1.0	2.436200178091569e6	2.4362001764860703e6	0.00017361111111111112
1.0	2.436424878866286e6	2.436424877401708e6	0.00017361111111111112
1.0	2.436649579641003e6	2.436649578685177e6	0.00017361111111111112
1.0	2.43687428041572e6	2.4368742815641467e6	0.00017361111111111112
1.0	2.437098981190437e6	2.4370989809759646e6	0.00017361111111111112
1.0	2.437323681965154e6	2.437323679944632e6	0.00017361111111111112
1.0	2.437548382739871e6	2.437548385156354e6	0.00017361111111111112
1.0	2.437773083514588e6	2.437773086236825e6	0.00017361111111111112
1.0	2.437997784289305e6	2.437997785724958e6	0.00017361111111111112
1.0	2.438222485064022e6	2.438222484133319e6	0.00017361111111111112
1.0	2.438447185838739e6	2.4384471840310767e6	0.00017361111111111112
1.0	2.438671886613456e6	2.438671889221096e6	0.00017361111111111112
1.0	2.4388965873881727e6	2.438896588287626e6	0.00017361111111111112
1.0	2.43912128816289e6	2.4391212875791704e6	0.00017361111111111112
1.0	2.439345988937607e6	2.4393459875994995e6	0.00017361111111111112
1.0	2.4395706897123237e6	2.43957068899472e6	0.00017361111111111112
1.0	2.439795390487041e6	2.4397953920969283e6	0.00017361111111111112
1.0	2.440020091261758e6	2.440020090733512e6	0.00017361111111111112
1.0	2.440244792036475e6	2.4402447898759693e6	0.00017361111111111112
1.0	2.440469492811192e6	2.4404694942209935e6	0.00017361111111111112
1.0	2.440694193585909e6	2.440694195457928e6	0.00017361111111111112
1.0	2.440918894360626e6	2.440918894967559e6	0.00017361111111111112
1.0	2.441143595135343e6	2.4411435929681817e6	0.00017361111111111112
1.0	2.44136829591006e6	2.441368293251161e6	0.00017361111111111112
1.0	2.441592996684777e6	2.441592999058726e6	0.00017361111111111112
1.0	2.4418176974594938e6	2.4418176990591674e6	0.00017361111111111112
1.0	2.442042398234211e6	2.4420423974634684e6	0.00017361111111111112
1.0	2.442267099008928e6	2.4422670980732148e6	0.00017361111111111112
1.0	2.4424917997836447e6	2.4424917995039467e6	0.00017361111111111112
1.0	2.442716500558362e6	2.4427165022831406e6	0.00017361111111111112
1.0	2.442941201333079e6	2.442941201186764e6	0.00017361111111111112
1.0	2.4431659021077957e6	2.4431659002285493e6	0.00017361111111111112
1.0	2.443390602882513e6	2.443390604319016e6	0.00017361111111111112
1.0	2.44361530365723e6	2.4436153058366985e6	0.00017361111111111112
1.0	2.4438400044319467e6	2.4438400054665436e6	0.00017361111111111112
1.0	2.444064705206664e6	2.444064703333866e6	0.00017361111111111112
1.0	2.444289405981381e6	2.4442894030859135e6	0.00017361111111111112
1.0	2.444514106756098e6	2.44451410810307e6	0.00017361111111111112
1.0	2.444738807530815e6	2.444738808209363e6	0.00017361111111111112
1.0	2.444963508305532e6	2.4449635066129277e6	0.00017361111111111112
1.0	2.445188209080249e6	2.4451882066412456e6	0.00017361111111111112
1.0	2.4454129098549658e6	2.4454129078851715e6	0.00017361111111111112
1.0	2.445637610629683e6	2.4456376114540836e6	0.00017361111111111112
1.0	2.4458623114044e6	2.445862310811281e6	0.00017361111111111112
1.0	2.4460870121791167e6	2.4460870101640658e6	0.00017361111111111112
1.0	2.446311712953834e6	2.4463117146693408e6	0.00017361111111111112
1.0	2.446536413728551e6	2.446536416195283e6	0.00017361111111111112
1.0	2.4467611145032677e6	2.4467611157829007e6	0.00017361111111111112
1.0	2.446985815277985e6	2.446985813682021e6	0.00017361111111111112
1.0	2.447210516052702e6	2.4472105138231064e6	0.00017361111111111112
1.0	2.4474352168274187e6	2.4474352191719105e6	0.00017361111111111112
1.0	2.447659917602136e6	2.447659919225128e6	0.00017361111111111112
1.0	2.447884618376853e6	2.4478846174681704e6	0.00017361111111111112
1.0	2.4481093191515696e6	2.448109317497356e6	0.00017361111111111112
1.0	2.448334019926287e6	2.4483340184474825e6	0.00017361111111111112
1.0	2.448558720701004e6	2.448558722123126e6	0.00017361111111111112
1.0	2.448783421475721e6	2.448783420971099e6	0.00017361111111111112
1.0	2.4490081222504377e6	2.449008119738057e6	0.00017361111111111112
1.0	2.449232823025155e6	2.449232824153641e6	0.00017361111111111112
1.0	2.449457523799872e6	2.4494575253027e6	0.00017361111111111112
1.0	2.4496822245745887e6	2.449682225558119e6	0.00017361111111111112
1.0	2.449906925349306e6	2.449906923545813e6	0.00017361111111111112
1.0	2.450131626124023e6	2.4501316238520034e6	0.00017361111111111112
1.0	2.4503563268987397e6	2.450356329531715e6	0.00017361111111111112
1.0	2.450581027673457e6	2.450581029568407e6	0.00017361111111111112
1.0	2.450805728448174e6	2.450805728114414e6	0.00017361111111111112
1.0	2.4510304292228906e6	2.451030428488894e6	0.00017361111111111112
1.0	2.451255129997608e6	2.4512551293369457e6	0.00017361111111111112
1.0	2.451479830772325e6	2.4514798326472947e6	0.00017361111111111112
1.0	2.4517045315470416e6	2.45170453137803e6	0.00017361111111111112
2.0	2.4336244076407305e6	2.433624411252819e6	0.00017361111111111112
2.0	2.4339896640944495e6	2.433989663410888e6	0.00017361111111111112
2.0	2.434354920548168e6	2.4343549237138354e6	0.00017361111111111112
2.0	2.434720177001887e6	2.4347201748775407e6	0.00017361111111111112
2.0	2.4350854334556055e6	2.4350854337612214e6	0.00017361111111111112
2.0	2.4354506899093245e6	2.4354506930249934e6	0.00017361111111111112
2.0	2.435815946363043e6	2.435815941839701e6	0.00017361111111111112
2.0	2.436181202816762e6	2.436181200734991e6	0.00017361111111111112
2.0	2.436546459270481e6	2.4365464580984334e6	0.00017361111111111112
2.0	2.4369117157241995e6	2.43691171278198e6	0.00017361111111111112
2.0	2.4372769721779185e6	2.437276974792174e6	0.00017361111111111112
2.0	2.437642228631637e6	2.4376422281391122e6	0.00017361111111111112
2.0	2.438007485085356e6	2.4380074856266803e6	0.00017361111111111112
2.0	2.4383727415390746e6	2.4383727455911622e6	0.00017361111111111112
2.0	2.4387379979927936e6	2.438737995242988e6	0.00017361111111111112
2.0	2.439103254446512e6	2.4391032550056474e6	0.00017361111111111112
2.0	2.439468510900231e6	2.43946851345113e6	0.00017361111111111112
2.0	2.43983376735395e6	2.4398337646932355e6	0.00017361111111111112
2.0	2.4401990238076686e6	2.4401990243075807e6	0.00017361111111111112
2.0	2.4405642802613876e6	2.4405642766136182e6	0.00017361111111111112
2.0	2.440929536715106e6	2.440929532945611e6	0.00017361111111111112
2.0	2.441294793168825e6	2.4412947966520186e6	0.00017361111111111112
2.0	2.4416600496225436e6	2.441660048690837e6	0.00017361111111111112
2.0	2.4420253060762626e6	2.4420253082121992e6	0.00017361111111111112
2.0	2.4423905625299816e6	2.4423905672567235e6	0.00017361111111111112
2.0	2.4427558189837e6	2.4427558170861173e6	0.00017361111111111112
2.0	2.443121075437419e6	2.4431210766808656e6	0.00017361111111111112
2.0	2.4434863318911376e6	2.4434863308172063e6	0.00017361111111111112
2.0	2.4438515883448566e6	2.4438515863955147e6	0.00017361111111111112
2.0	2.444216844798575e6	2.444216846996571e6	0.00017361111111111112
2.0	2.444582101252294e6	2.444582097331983e6	0.00017361111111111112
2.0	2.444947357706013e6	2.444947353769109e6	0.00017361111111111112
2.0	2.4453126141597317e6	2.4453126148133115e6	0.00017361111111111112
2.0	2.4456778706134507e6	2.445677868084007e6	0.00017361111111111112
2.0	2.446043127067169e6	2.446043129905833e6	0.00017361111111111112
2.0	2.446408383520888e6	2.446408385815833e6	0.00017361111111111112
2.0	2.4467736399746067e6	2.446773641138616e6	0.00017361111111111112
2.0	2.4471388964283257e6	2.4471389004333075e6	0.00017361111111111112
2.0	2.4475041528820447e6	2.4475041519907857e6	0.00017361111111111112
2.0	2.447869409335763e6	2.4478694088126416e6	0.00017361111111111112
2.0	2.448234665789482e6	2.4482346688543223e6	0.00017361111111111112
2.0	2.4485999222432007e6	2.4485999196424074e6	0.00017361111111111112
2.0	2.4489651786969197e6	2.448965176351589e6	0.00017361111111111112
2.0	2.449330435150638e6	2.4493304317717417e6	0.00017361111111111112
2.0	2.449695691604357e6	2.4496956869051047e6	0.00017361111111111112
2.0	2.4500609480580757e6	2.450060949630627e6	0.00017361111111111112
2.0	2.4504262045117947e6	2.4504262051677927e6	0.00017361111111111112
2.0	2.4507914609655137e6	2.4507914617155213e6	0.00017361111111111112
2.0	2.4511567174192322e6	2.4511567221026793e6	0.00017361111111111112
2.0	2.451521973872951e6	2.4515219736802666e6	0.00017361111111111112
2.0	2.4518872303266698e6	2.451887230720949e6	0.00017361111111111112
