1.0	2.433503768794964e6	2.433503767674594e6	0.00011574074074074075
1.0	2.433728469569681e6	2.433728469029718e6	0.00011574074074074075
1.0	2.433953170344398e6	2.4339531719781007e6	0.00011574074074074075
1.0	2.434177871119115e6	2.434177870693134e6	0.00011574074074074075
1.0	2.434402571893832e6	2.4344025701639475e6	0.00011574074074074075
1.0	2.434627272668549e6	2.434627274604044e6	0.00011574074074074075
1.0	2.434851973443266e6	2.434851975694976e6	0.00011574074074074075
1.0	2.435076674217983e6	2.4350766751700393e6	0.00011574074074074075
1.0	2.4353013749927003e6	2.435301372853647e6	0.00011574074074074075
1.0	2.435526075767417e6	2.435526073297221e6	0.00011574074074074075
1.0	2.435750776542134e6	2.4357507784461943e6	0.00011574074074074075
1.0	2.4359754773168513e6	2.435975478056247e6	0.00011574074074074075
1.0	2.436200178091568e6	2.436200176456085e6	0.00011574074074074075
1.0	2.436424878866285e6	2.4364248773154016e6	0.00011574074074074075
1.0	2.436649579641002e6	2.436649578663906e6	0.00011574074074074075
1.0	2.436874280415719e6	2.4368742816154314e6	0.00011574074074074075
1.0	2.437098981190436e6	2.4370989809363484e6	0.00011574074074074075
1.0	2.437323681965153e6	2.4373236800366794e6	0.00011574074074074075
1.0	2.4375483827398703e6	2.437548385132589e6	0.00011574074074074075
1.0	2.437773083514587e6	2.4377730862863823e6	0.00011574074074074075
1.0	2.437997784289304e6	2.4379977857857794e6	0.00011574074074074075
1.0	2.4382224850640213e6	2.4382224841042636e6	0.00011574074074074075
1.0	2.438447185838738e6	2.438447184043591e6	0.00011574074074074075
1.0	2.438671886613455e6	2.438671889261977e6	0.00011574074074074075
1.0	2.4388965873881723e6	2.4388965885386365e6	0.00011574074074074075
1.0	2.439121288162889e6	2.439121287546194e6	0.00011574074074074075
1.0	2.439345988937606e6	2.4393459876817944e6	0.00011574074074074075
1.0	2.4395706897123232e6	2.439570689016271e6	0.00011574074074074075
1.0	2.4397953904870404e6	2.4397953920755736e6	0.00011574074074074075
1.0	2.440020091261757e6	2.4400200907339524e6	0.00011574074074074075
1.0	2.440244792036474e6	2.4402447898434075e6	0.00011574074074074075
1.0	2.4404694928111914e6	2.4404694942148086e6	0.00011574074074074075
1.0	2.440694193585908e6	2.440694195424973e6	0.00011574074074074075
1.0	2.440918894360625e6	2.4409188949281443e6	0.00011574074074074075
1.0	2.4411435951353423e6	2.4411435930456775e6	0.00011574074074074075
1.0	2.441368295910059e6	2.4413682932649506e6	0.00011574074074074075
1.0	2.441592996684776e6	2.441592998999735e6	0.00011574074074074075
1.0	2.4418176974594933e6	2.4418176990185557e6	0.00011574074074074075
1.0	2.44204239823421e6	2.4420423974718717e6	0.00011574074074074075
1.0	2.442267099008927e6	2.4422670980360103e6	0.00011574074074074075
1.0	2.4424917997836443e6	2.4424917993986607e6	0.00011574074074074075
1.0	2.4427165005583614e6	2.442716502304394e6	0.00011574074074074075
1.0	2.442941201333078e6	2.442941201142981e6	0.00011574074074074075
1.0	2.4431659021077952e6	2.4431659002235136e6	0.00011574074074074075
1.0	2.4433906028825124e6	2.443390604368275e6	0.00011574074074074075
1.0	2.443615303657229e6	2.4436153057832127e6	0.00011574074074074075
1.0	2.443840004431946e6	2.443840005373251e6	0.00011574074074074075
1.0	2.4440647052066633e6	2.444064703305394e6	0.00011574074074074075
1.0	2.44428940598138e6	2.4442894030989967e6	0.00011574074074074075
1.0	2.444514106756097e6	2.44451410818129e6	0.00011574074074074075
1.0	2.4447388075308143e6	2.4447388081918648e6	0.00011574074074074075
1.0	2.4449635083055315e6	2.4449635065420214e6	0.00011574074074074075
1.0	2.445188209080248e6	2.4451882066677487e6	0.00011574074074074075
1.0	2.4454129098549653e6	2.44541290790651e6	0.00011574074074074075
1.0	2.4456376106296824e6	2.445637611488106e6	0.00011574074074074075
1.0	2.445862311404399e6	2.4458623107597693e6	0.00011574074074074075
1.0	2.4460870121791163e6	2.4460870101502105e6	0.00011574074074074075
1.0	2.4463117129538334e6	2.446311714680633e6	0.00011574074074074075
1.0	2.44653641372855e6	2.4465364161574286e6	0.00011574074074074075
1.0	2.446761114503267e6	2.446761115830242e6	0.00011574074074074075
1.0	2.4469858152779844e6	2.44698581377754e6	0.00011574074074074075
1.0	2.4472105160527015e6	2.447210513847006e6	0.00011574074074074075
1.0	2.447435216827418e6	2.447435219170331e6	0.00011574074074074075
1.0	2.4476599176021353e6	2.447659919207906e6	0.00011574074074074075
1.0	2.4478846183768525e6	2.44788461746404e6	0.00011574074074074075
1.0	2.448109319151569e6	2.448109317549122e6	0.00011574074074074075
1.0	2.4483340199262863e6	2.4483340185629195e6	0.00011574074074074075
1.0	2.4485587207010034e6	2.4485587221339643e6	0.00011574074074074075
1.0	2.44878342147572e6	2.4487834210049785e6	0.00011574074074074075
1.0	2.4490081222504373e6	2.4490081198254065e6	0.00011574074074074075
1.0	2.4492328230251544e6	2.449232824159915e6	0.00011574074074074075
1.0	2.449457523799871e6	2.449457525324199e6	0.00011574074074074075
1.0	2.4496822245745882e6	2.449682225488129e6	0.00011574074074074075
1.0	2.4499069253493054e6	2.449906923557619e6	0.00011574074074074075
1.0	2.4501316261240225e6	2.4501316238512807e6	0.00011574074074074075
1.0	2.450356326898739e6	2.450356329523579e6	0.00011574074074074075
1.0	2.4505810276734564e6	2.4505810296258377e6	0.00011574074074074075
1.0	2.4508057284481735e6	2.450805728180876e6	0.00011574074074074075
1.0	2.45103042922289e6	2.45103042840952e6	0.00011574074074074075
1.0	2.4512551299976073e6	2.451255129340364e6	0.00011574074074074075
1.0	2.4514798307723245e6	2.4514798326677275e6	0.00011574074074074075
1.0	2.451704531547041e6	2.4517045314618773e6	0.00011574074074074075
2.0	2.4336244076213883e6	2.4336244109144895e6	0.00011574074074074075
2.0	2.433989664076536e6	2.4339896647530054e6	0.00011574074074074075
2.0	2.434354920531683e6	2.434354921858318e6	0.00011574074074074075
2.0	2.434720176986831e6	2.4347201756609054e6	0.00011574074074074075
2.0	2.435085433441978e6	2.4350854343027677e6	0.00011574074074074075
2.0	2.4354506898971256e6	2.435450691556337e6	0.00011574074074074075
2.0	2.4358159463522728e6	2.4358159436267256e6	0.00011574074074074075
2.0	2.4361812028074204e6	2.436181200309852e6	0.00011574074074074075
2.0	2.4365464592625676e6	2.4365464573951666e6	0.00011574074074074075
2.0	2.436911715717715e6	2.4369117142776554e6	0.00011574074074074075
2.0	2.4372769721728624e6	2.4372769732405734e6	0.00011574074074074075
2.0	2.43764222862801e6	2.437642228457632e6	0.00011574074074074075
2.0	2.438007485083157e6	2.4380074865104137e6	0.00011574074074074075
2.0	2.438372741538305e6	2.4383727437989716e6	0.00011574074074074075
2.0	2.438737997993452e6	2.4387379966393057e6	0.00011574074074074075
2.0	2.4391032544485996e6	2.439103255029882e6	0.00011574074074074075
2.0	2.439468510903747e6	2.4394685123932846e6	0.00011574074074074075
2.0	2.4398337673588945e6	2.439833766611595e6	0.00011574074074074075
2.0	2.4401990238140416e6	2.4401990230968962e6	0.00011574074074074075
2.0	2.4405642802691893e6	2.4405642763646655e6	0.00011574074074074075
2.0	2.4409295367243364e6	2.4409295342624905e6	0.00011574074074074075
2.0	2.441294793179484e6	2.441294794820679e6	0.00011574074074074075
2.0	2.4416600496346313e6	2.44166004961396e6	0.00011574074074074075
2.0	2.442025306089779e6	2.442025308675302e6	0.00011574074074074075
2.0	2.442390562544926e6	2.4423905657208897e6	0.00011574074074074075
2.0	2.4427558190000737e6	2.442755818900213e6	0.00011574074074074075
2.0	2.443121075455221e6	2.4431210760624744e6	0.00011574074074074075
2.0	2.4434863319103685e6	2.443486330099749e6	0.00011574074074074075
2.0	2.4438515883655157e6	2.443851587980677e6	0.00011574074074074075
2.0	2.4442168448206633e6	2.4442168453758466e6	0.00011574074074074075
2.0	2.4445821012758105e6	2.444582097630087e6	0.00011574074074074075
2.0	2.444947357730958e6	2.44494735487275e6	0.00011574074074074075
2.0	2.4453126141861053e6	2.445312613163765e6	0.00011574074074074075
2.0	2.445677870641253e6	2.4456778697024547e6	0.00011574074074074075
2.0	2.4460431270964e6	2.4460431298064636e6	0.00011574074074074075
2.0	2.446408383551548e6	2.446408384603462e6	0.00011574074074074075
2.0	2.446773640006695e6	2.446773642744666e6	0.00011574074074074075
2.0	2.4471388964618426e6	2.447138899064318e6	0.00011574074074074075
2.0	2.4475041529169898e6	2.447504151773491e6	0.00011574074074074075
2.0	2.4478694093721374e6	2.4478694101469414e6	0.00011574074074074075
2.0	2.4482346658272846e6	2.448234667079969e6	0.00011574074074074075
2.0	2.448599922282432e6	2.4485999207808906e6	0.00011574074074074075
2.0	2.4489651787375794e6	2.4489651768949083e6	0.00011574074074074075
2.0	2.449330435192727e6	2.449330430322958e6	0.00011574074074074075
2.0	2.449695691647874e6	2.449695688719794e6	0.00011574074074074075
2.0	2.450060948103022e6	2.450060948850919e6	0.00011574074074074075
2.0	2.450426204558169e6	2.4504262043392053e6	0.00011574074074074075
2.0	2.4507914610133166e6	2.450791463311581e6	0.00011574074074074075
2.0	2.451156717468464e6	2.4511567204033397e6	0.00011574074074074075
2.0	2.4515219739236115e6	2.4515219742190973e6	0.00011574074074074075
2.0	2.4518872303787586e6	2.4518872317040246e6	0.00011574074074074075
