args = ["grid", "30.0", "20", "ppp"]
Initial parameters: [3.0e-6, 224.70078764259347, 2.433503765313336e6, 0.01, 0.01, 3.0e-6, 365.2563443422279, 2.433624403334705e6, 0.01, 0.01]
Initial chi-square: 468.92392748692396
Finished 2-planet fit: [2.452918589657029e-6, 224.70078322921526, 2.433503765340966e6, 0.004195442098824934, 0.010959259444354517, 2.9289395813055997e-6, 365.2563509264811, 2.4336244033030653e6, 0.014849818289852395, 0.009310550874693761]
New p2 chi-square: 357.0541273926769
Period: 3871.649999999999 log Prob: -124.49436086038105 Param: [2.8698384374684452e-6, 224.70079503772988, 2.4335037651557545e6, 0.035143686220300424, 0.01001723265848324, 3.104399318094066e-6, 365.2564538718827, 2.4336244022710864e6, 0.040456640360277456, 0.009570593795171412, 0.00016926892944320554, 3871.649999999999, 2.4386947765501966e6, -0.3033370090812584, -0.21994318890684086]
Period: 3877.3427432152735 log Prob: -124.20729044279115 Param: [2.8611638939571714e-6, 224.7007950124328, 2.4335037651557676e6, 0.0347657862986601, 0.01029344785129648, 3.1031396913872788e-6, 365.2564541350077, 2.43362440226885e6, 0.04014569695641262, 0.009775493143935696, 0.0001742213434574314, 3877.3427432152735, 2.4387004771616114e6, -0.29112077767156275, -0.2154583934616506]
Period: 3883.0438568476347 log Prob: -123.92303250884174 Param: [2.8526888553922382e-6, 224.7007949791295, 2.4335037651558733e6, 0.03442796859386247, 0.010844467931046906, 3.102269257018181e-6, 365.25645433738003, 2.4336244022672195e6, 0.039868579372698956, 0.010196741593124446, 0.00017904328291127705, 3883.0438568476347, 2.438704295278953e6, -0.27936154276538205, -0.2118609310196321]
Period: 3888.7533532046614 log Prob: -123.64157227715187 Param: [2.8455117788481653e-6, 224.7007949568589, 2.433503765155847e6, 0.03414027444600904, 0.011125556225380261, 3.1014939344467892e-6, 365.2564545420717, 2.4336244022655706e6, 0.03962989405537896, 0.010404659544256584, 0.00018299600846406592, 3888.7533532046614, 2.43870875435883e6, -0.2708845223082237, -0.20858119857578536]
Period: 3894.4712446120284 log Prob: -123.36289464780225 Param: [2.8336359406575333e-6, 224.7007948932646, 2.4335037651564865e6, 0.03347925989515365, 0.011580728960148143, 3.098665084420979e-6, 365.25645467127424, 2.4336244022647324e6, 0.039097546738159523, 0.010753969065306923, 0.00018944316177394688, 3894.4712446120284, 2.4387128504211246e6, -0.25635528416822706, -0.20410182923177944]
Period: 3900.197543413533 log Prob: -123.08713141815427 Param: [2.823890809627972e-6, 224.7007948409993, 2.433503765156937e6, 0.032994668147151685, 0.012035814607922846, 3.096858566608803e-6, 365.2564547866088, 2.4336244022640223e6, 0.038705002080166306, 0.01110127102034529, 0.000194874621675061, 3900.197543413533, 2.438716522371839e6, -0.24501030526527856, -0.20039583399430394]
Period: 3905.932261971128 log Prob: -122.8142455028162 Param: [2.8157078782228776e-6, 224.70079479844227, 2.4335037651572274e6, 0.032644812360471724, 0.012393003908376431, 3.095831208890509e-6, 365.2564549480855, 2.433624402262839e6, 0.03841972144460569, 0.011371146851233659, 0.0001998884510969311, 3905.932261971128, 2.438720404043834e6, -0.23540102009721678, -0.1970205534371531]
Period: 3911.6754126649294 log Prob: -122.54426510601232 Param: [2.804822235105143e-6, 224.7007947341269, 2.4335037651578733e6, 0.03205752764465209, 0.012877834128053798, 3.093447147779271e-6, 365.2564550204199, 2.433624402262529e6, 0.03794552571183816, 0.011743075046954628, 0.0002057715415942532, 3911.6754126649294, 2.4387237025275007e6, -0.22420061072591338, -0.19344588464029827]
Period: 3917.42700789327 log Prob: -122.27720549356435 Param: [2.7957106987912595e-6, 224.70079467158962, 2.433503765158493e6, 0.03159971050123018, 0.013356602357008666, 3.091795928604189e-6, 365.25645507594095, 2.4336244022625475e6, 0.03757883158578838, 0.012108913420306231, 0.000211267216430713, 3917.42700789327, 2.4387271263433467e6, -0.21460153424614692, -0.18999957732165731]
Period: 3923.1870600727066 log Prob: -122.01302995924996 Param: [2.784302330177667e-6, 224.7007946070691, 2.433503765159129e6, 0.03093360246511292, 0.013732980188067777, 3.0889132673245133e-6, 365.25645517537873, 2.433624402262014e6, 0.03704417179410571, 0.012396774574732108, 0.0002179488847670225, 3923.1870600727066, 2.438731220837791e6, -0.203481693390362, -0.18598226001773585]
Period: 3928.9555816380553 log Prob: -121.75178283577388 Param: [2.7729723932950903e-6, 224.70079453808376, 2.433503765159844e6, 0.030233646322556366, 0.01414951889605916, 3.0857343792132103e-6, 365.2564552302556, 2.4336244022619072e6, 0.03648275881848076, 0.01271630944200162, 0.0002242053642139219, 3928.9555816380553, 2.438734366196245e6, -0.1935644133678999, -0.18255579650902498]
Period: 3934.7325850424136 log Prob: -121.49344857286621 Param: [2.7626905917580717e-6, 224.70079446167134, 2.4335037651606686e6, 0.029673957710365392, 0.014565691460587601, 3.0834789313946963e-6, 365.2564552423882, 2.433624402262299e6, 0.03603295492201039, 0.013034857496487197, 0.0002305952997903899, 3934.7325850424136, 2.4387376231796034e6, -0.18392330847135943, -0.17913222038677643]
Period: 3940.518082757191 log Prob: -121.23801005984808 Param: [2.752351283851656e-6, 224.70079438439933, 2.43350376516152e6, 0.029075667960664405, 0.015035328080549847, 3.0810314810508393e-6, 365.2564552429779, 2.4336244022628134e6, 0.03555501594670785, 0.013396227511036293, 0.00023696344984126537, 3940.518082757191, 2.438739848567427e6, -0.17470225681223628, -0.17609780231419975]
Period: 3946.3120872721347 log Prob: -120.98545123532466 Param: [2.7396416055664914e-6, 224.70079429121031, 2.4335037651626263e6, 0.028237363124495245, 0.01548225081892394, 3.0770933597297162e-6, 365.25645520730933, 2.433624402263706e6, 0.03488702514204883, 0.013742795285530874, 0.00024455361401187547, 3946.3120872721347, 2.438742443077332e6, -0.16427437961537272, -0.17250965796522905]
Period: 3952.114611095356 log Prob: -120.73576470418594 Param: [2.7275496917745643e-6, 224.70079419678206, 2.433503765163758e6, 0.027434003127784958, 0.015825517772405772, 3.0733216502962835e-6, 365.2564551674073, 2.4336244022646085e6, 0.03424529136862494, 0.014007005480109622, 0.00025191271733025354, 3952.114611095356, 2.4387454305420234e6, -0.1549722662200158, -0.16906318314999724]
Period: 3957.925666753357 log Prob: -120.48893821272895 Param: [2.712897928652984e-6, 224.70079409463062, 2.433503765164949e6, 0.02637877758754801, 0.01638043385663577, 3.0681280335008187e-6, 365.2564551263047, 2.433624402265549e6, 0.03340637814384638, 0.01444059558703626, 0.000260816023978612, 3957.925666753357, 2.4387474698613565e6, -0.14410384567389772, -0.16534412102209556]
Period: 3963.7452667910593 log Prob: -120.24489597140757 Param: [2.702170312203038e-6, 224.7007939971981, 2.433503765166142e6, 0.02573692859509513, 0.016705647216210585, 3.0654178860019852e-6, 365.2564550754654, 2.433624402266601e6, 0.03289660799972824, 0.01469083647604373, 0.0002685845911699884, 3963.7452667910593, 2.4387515395823647e6, -0.13555872159397878, -0.1615125934059341]
Period: 3969.573423771834 log Prob: -120.00366562797149 Param: [2.6898454315183907e-6, 224.70079389009808, 2.433503765167417e6, 0.024886587811240306, 0.017206360864056528, 3.061430196357937e-6, 365.2564549634116, 2.4336244022682854e6, 0.03221882314106575, 0.015081310674110232, 0.00027658664827957303, 3969.573423771834, 2.438752596869254e6, -0.12672089323256125, -0.1586615141108189]
Period: 3975.4101502775125 log Prob: -119.76521208360705 Param: [2.67822798915676e-6, 224.70079379174115, 2.4335037651686217e6, 0.024054229463352405, 0.01750265877973102, 3.0574479528415167e-6, 365.2564549096207, 2.4336244022693876e6, 0.03155891064242771, 0.015310587625127351, 0.0002847527501877519, 3975.4101502775125, 2.4387555621242793e6, -0.11882725985916213, -0.1553126929477846]
Period: 3981.2554589084384 log Prob: -119.52950555696275 Param: [2.6622867669442253e-6, 224.70079366262442, 2.4335037651702515e6, 0.022791577379400865, 0.018029092568160213, 3.0509844863910784e-6, 365.25645479519557, 2.4336244022711283e6, 0.030558069558156375, 0.01572643358172506, 0.00029525717293051, 3981.2554589084384, 2.4387573365953e6, -0.10892076667936242, -0.15151803316347187]
Period: 3987.1093622834787 log Prob: -119.29652325047174 Param: [2.6501344306701657e-6, 224.7007935435156, 2.4335037651717192e6, 0.021927330132356992, 0.01841922078611626, 3.0469102130801053e-6, 365.2564546573952, 2.433624402273074e6, 0.029871779538066107, 0.01603258154733592, 0.00030448660956070597, 3987.1093622834787, 2.438759057016428e6, -0.10060732535020007, -0.14838422130068663]
Period: 3992.9718730400546 log Prob: -119.0662645161147 Param: [2.635645105985717e-6, 224.70079341734382, 2.433503765173289e6, 0.020732825950451863, 0.01880816337470258, 3.040776128789623e-6, 365.25645453948783, 2.4336244022747814e6, 0.028924295457034538, 0.01634035712792123, 0.00031477756629867313, 3992.9718730400546, 2.4387606475562076e6, -0.09214057584667264, -0.14503164988241268]
Period: 3998.843003834168 log Prob: -118.83873296930031 Param: [2.6207738764069172e-6, 224.70079328164397, 2.433503765175011e6, 0.019511440710368325, 0.01918269486987554, 3.034556916990476e-6, 365.2564544246945, 2.4336244022765257e6, 0.02795885563629705, 0.01663926731538504, 0.00032624381452961464, 3998.843003834168, 2.4387628253519954e6, -0.08340446068333424, -0.141256581432749]
Period: 4004.7227673404313 log Prob: -118.61392460838037 Param: [2.6078395986332026e-6, 224.70079315055435, 2.4335037651766473e6, 0.01845131472819719, 0.01954762957717039, 3.029207826498774e-6, 365.2564542486556, 2.433624402278863e6, 0.027117783042682836, 0.016929433234635475, 0.0003365613911822204, 4004.7227673404313, 2.4387640035258234e6, -0.0759368866158597, -0.1382698614203364]
Period: 4010.6111762520923 log Prob: -118.391872136664 Param: [2.5936216277206974e-6, 224.70079300265115, 2.433503765178526e6, 0.017253313768569437, 0.019904473225177167, 3.0231114948952997e-6, 365.2564540719029, 2.4336244022812154e6, 0.026169268618354218, 0.01721703070810771, 0.0003486615982442771, 4010.6111762520923, 2.4387651587943095e6, -0.067678693033049, -0.1348781287449401]
Period: 4016.5082432810623 log Prob: -118.17264016949406 Param: [2.581096784514756e-6, 224.70079286357281, 2.4335037651802995e6, 0.01620934592146058, 0.020168543691882652, 3.0178853546115726e-6, 365.2564539161074, 2.4336244022833738e6, 0.02534425349901918, 0.01742951498409955, 0.00035991797083799606, 4016.5082432810623, 2.4387672030754066e6, -0.060810463773655926, -0.13162515940872557]
Period: 4022.413981157945 log Prob: -117.95632584204517 Param: [2.569576020978364e-6, 224.70079273916264, 2.433503765181817e6, 0.01523270663453381, 0.020432156019101953, 3.012972511584205e-6, 365.2564537633315, 2.433624402285508e6, 0.024570669788358427, 0.017641690603651037, 0.0003705401767879356, 4022.413981157945, 2.4387690473307227e6, -0.054797027550272825, -0.1287763567984069]
Period: 4028.3284026320607 log Prob: -117.74294726484139 Param: [2.556283276156677e-6, 224.70079258094586, 2.4335037651838204e6, 0.014063026122096783, 0.020733779021977563, 3.006999185589097e-6, 365.25645355191597, 2.4336244022882064e6, 0.023644038818359678, 0.01788826310798637, 0.00038360631916144536, 4028.3284026320607, 2.438769990330676e6, -0.0474506087570225, -0.12556746591682702]
Period: 4034.2515204714823 log Prob: -117.53268016732288 Param: [2.5459204851351667e-6, 224.7007924509095, 2.43350376518544e6, 0.013154197878996738, 0.020960370667629052, 3.002457672660814e-6, 365.2564533781876, 2.433624402290592e6, 0.022924691731680175, 0.018072002728761742, 0.00039424395102376366, 4034.2515204714823, 2.4387713019340327e6, -0.04217551763010131, -0.12303500204067924]
Period: 4040.1833474630425 log Prob: -117.32560255327138 Param: [2.536865039270797e-6, 224.70079232401602, 2.433503765187013e6, 0.012440877075156034, 0.021120757994279024, 2.9990971435462902e-6, 365.256453193342, 2.4336244022930637e6, 0.022360106151963988, 0.01820187449612307, 0.0004045911642931985, 4040.1833474630425, 2.4387738031366398e6, -0.03744380899924728, -0.12043883789587259]
Period: 4046.1238964123886 log Prob: -117.1218269526299 Param: [2.528730103836296e-6, 224.70079219165888, 2.4335037651887257e6, 0.011796219033383785, 0.02115683317188536, 2.9961058902504104e-6, 365.25645299134425, 2.433624402295701e6, 0.021850714243273443, 0.01823441895463213, 0.0004144169210149639, 4046.1238964123886, 2.4387765467833974e6, -0.03325189526653781, -0.11803081540648118]
Period: 4052.0731801439915 log Prob: -116.92140626243263 Param: [2.520802165550012e-6, 224.70079206587815, 2.4335037651902623e6, 0.01113054756331143, 0.0213540935412997, 2.9929512618082893e-6, 365.2564527411807, 2.4336244022988407e6, 0.021322084238760836, 0.018392652254729528, 0.00042394563147112177, 4052.0731801439915, 2.438777666401604e6, -0.029115179666581087, -0.11606557207224287]
Period: 4058.03121150118 log Prob: -116.72443479625821 Param: [2.5133167666035946e-6, 224.7007919397331, 2.4335037651918465e6, 0.01053956707462459, 0.02147467092662547, 2.99023669120238e-6, 365.25645252656057, 2.433624402301615e6, 0.020854400260475168, 0.018490403055786694, 0.0004335199559373145, 4058.03121150118, 2.438780114717116e6, -0.025450503995288868, -0.11389000797716022]
Period: 4063.9980033461675 log Prob: -116.53096799560397 Param: [2.5072543844210027e-6, 224.70079183086608, 2.4335037651932156e6, 0.010080046459755868, 0.02148830215842872, 2.9882296138716733e-6, 365.25645230492336, 2.4336244023044854e6, 0.02049343396854504, 0.018500900187640973, 0.0004416153898804993, 4063.9980033461675, 2.438783291412525e6, -0.0227471434232837, -0.11196419496833815]
Period: 4069.973568560078 log Prob: -116.34104050746913 Param: [2.5010540862797303e-6, 224.70079170274389, 2.4335037651948426e6, 0.009633609472475674, 0.02157387557236491, 2.9863321256776036e-6, 365.25645202277246, 2.433624402307941e6, 0.02013889564703423, 0.018571181810407986, 0.00045065481718751046, 4069.973568560078, 2.438785618035938e6, -0.019474238180231373, -0.11005214511981157]
Period: 4075.957920042977 log Prob: -116.15467878780545 Param: [2.4962915755091936e-6, 224.7007915937908, 2.4335037651962345e6, 0.009324386377429689, 0.021599503150267478, 2.985182161206425e-6, 365.2564517628067, 2.43362440231121e6, 0.019895510645496182, 0.018589667043815424, 0.00045769432494894414, 4075.957920042977, 2.438788540764212e6, -0.017325065231439372, -0.10850586801897144]
Period: 4081.9510707138975 log Prob: -115.97189991079715 Param: [2.4915626210798284e-6, 224.70079148472476, 2.433503765197601e6, 0.009028241999050828, 0.02163815628172912, 2.984169211612452e-6, 365.2564515144934, 2.4336244023143267e6, 0.01966208886360652, 0.018617208157699405, 0.0004652081436088502, 4081.9510707138975, 2.4387917083279053e6, -0.01511957963738718, -0.10686759742778933]
Period: 4087.9530335108675 log Prob: -115.79270363702545 Param: [2.488170181116775e-6, 224.70079136890237, 2.4335037651991476e6, 0.008910006911948215, 0.021601958844329933, 2.984164099236867e-6, 365.25645117735286, 2.4336244023183463e6, 0.01956828679238435, 0.0185857772685403, 0.000471471097974077, 4087.9530335108675, 2.4387951162203574e6, -0.013301665288708494, -0.10543630499343647]
Period: 4093.963821390939 log Prob: -115.61706413756656 Param: [2.4841582307203263e-6, 224.70079126347295, 2.4335037652005157e6, 0.008709075307033522, 0.02155624251372779, 2.9836701680014214e-6, 365.25645091141746, 2.4336244023216767e6, 0.019414745245591173, 0.018547985399634558, 0.00047878710281658564, 4093.963821390939, 2.4387991076336536e6, -0.011431798534187068, -0.10374451444071432]
Period: 4099.98344733022 log Prob: -115.44501247123232 Param: [2.4800693049164636e-6, 224.70079114389958, 2.4335037652020804e6, 0.008474301488045724, 0.021581647148399167, 2.9829620981638077e-6, 365.25645058187445, 2.433624402325612e6, 0.019230618690364975, 0.018567098103518753, 0.0004859250773751111, 4099.98344733022, 2.4388020611914317e6, -0.009445003767299991, -0.10230960879097224]
Period: 4106.011924323886 log Prob: -115.27650226324656 Param: [2.4779885123960257e-6, 224.70079104655227, 2.4335037652033824e6, 0.00850246065711962, 0.02155100066116696, 2.983804451482308e-6, 365.25645025867584, 2.4336244023295683e6, 0.0192559863164666, 0.018535560247325878, 0.0004909288458974778, 4106.011924323886, 2.438805932276197e6, -0.00844387754022711, -0.10113852577530888]
Period: 4112.049265386231 log Prob: -115.11150546716945 Param: [2.473672979168279e-6, 224.70079092881753, 2.4335037652049274e6, 0.008242678701411016, 0.021546808095488187, 2.9829288379244735e-6, 365.25644994076464, 2.43362440233336e6, 0.019054080783516936, 0.018531383030164012, 0.0004983825939583186, 4112.049265386231, 2.4388095161569216e6, -0.006600589755705204, -0.09958895117565109]
Period: 4118.095483550684 log Prob: -114.9500086070112 Param: [2.4712114922131583e-6, 224.70079082049892, 2.4335037652064003e6, 0.008204185170946478, 0.021458975575393273, 2.9833065584331703e-6, 365.2564495823091, 2.4336244023375767e6, 0.019026436580908596, 0.01845760591445701, 0.000504023139634833, 4118.095483550684, 2.4388134802640798e6, -0.00540524379616225, -0.09835476086977471]
Period: 4124.150591869833 log Prob: -114.79198384989857 Param: [2.468117976915601e-6, 224.70079070246297, 2.4335037652080157e6, 0.008113491034563715, 0.021367299136087637, 2.9834237871477197e-6, 365.25644921076537, 2.433624402341948e6, 0.018959298338999883, 0.0183840479072175, 0.0005107643789897268, 4124.150591869833, 2.4388175221300535e6, -0.0039021320075664297, -0.0969432163706295]
Period: 4130.214603415463 log Prob: -114.63737341015097 Param: [2.464663407087069e-6, 224.7007905851461, 2.4335037652096176e6, 0.007941824023167081, 0.021297840956122055, 2.9830123221826005e-6, 365.2564488454701, 2.433624402346212e6, 0.018827835712962187, 0.01832704850123423, 0.0005173533838800164, 4130.214603415463, 2.438821507274077e6, -0.0025275113737456925, -0.09557219793569219]
Period: 4136.287531278575 log Prob: -114.48615697088462 Param: [2.462251634124647e-6, 224.70079047599856, 2.433503765211099e6, 0.007904666296300229, 0.021266351169879766, 2.983423577054613e-6, 365.2564484671369, 2.4336244023506544e6, 0.018803613643870277, 0.018297330370674453, 0.00052304288681208, 4136.287531278575, 2.4388253212579796e6, -0.0014288847232880348, -0.09442722868950226]
Period: 4142.369388569423 log Prob: -114.33829037850019 Param: [2.4601563338044124e-6, 224.7007903702783, 2.4335037652125657e6, 0.007903592218298809, 0.02119685719907509, 2.984031501932986e-6, 365.2564480863986, 2.433624402355103e6, 0.018807726467663703, 0.018236429775955278, 0.0005282946496920117, 4142.369388569423, 2.4388295702522164e6, -0.0005522119115704816, -0.0932677535861809]
Period: 4148.460188417534 log Prob: -114.19373270954513 Param: [2.457283642632207e-6, 224.70079025443187, 2.4335037652141447e6, 0.007811077666129851, 0.021134861847823237, 2.9840670358103614e-6, 365.2564476811289, 2.433624402359743e6, 0.018739264765823504, 0.01818464974743957, 0.0005344934629036863, 4148.460188417534, 2.438833576930724e6, 0.000629646384450119, -0.09206920035337156]
Period: 4154.559943971742 log Prob: -114.05243245019068 Param: [2.45494772751161e-6, 224.70079013952687, 2.4335037652157783e6, 0.007779458678064826, 0.02100782931697656, 2.9844607876783283e-6, 365.25644726448667, 2.433624402364557e6, 0.018721573422163133, 0.01808017323207045, 0.0005404104058537489, 4154.559943971742, 2.438838092725462e6, 0.0016165889078377151, -0.09082478091421564]
Period: 4160.668668400214 log Prob: -113.91436427943435 Param: [2.4521304664108664e-6, 224.70079001852642, 2.43350376521748e6, 0.0076799093118519735, 0.020897884726568026, 2.984416340890299e-6, 365.25644683583243, 2.4336244023694186e6, 0.018648648462772678, 0.017992435279639327, 0.0005466662995341696, 4160.668668400214, 2.4388423617831753e6, 0.002713836953181008, -0.08962067136793031]
Period: 4166.786374890485 log Prob: -113.77945945770021 Param: [2.4502428668808915e-6, 224.7007899055959, 2.4335037652190924e6, 0.00772390023692288, 0.020785480398237337, 2.985280882594789e-6, 365.25644640625785, 2.433624402374347e6, 0.018690765359904365, 0.01789937181723982, 0.0005522446532538792, 4166.786374890485, 2.438846979842381e6, 0.003580347014486291, -0.08845718333693114]
Period: 4172.913076649465 log Prob: -113.64768964525354 Param: [2.4477581501546954e-6, 224.70078978859038, 2.433503765220738e6, 0.007657848045720267, 0.02066260146730837, 2.9854514999035372e-6, 365.25644598349277, 2.433624402379165e6, 0.018646427525026026, 0.017799202578349615, 0.0005584268409834882, 4172.913076649465, 2.4388513182576285e6, 0.004555938027483916, -0.08733581351750472]
Period: 4179.048786903498 log Prob: -113.5190012059864 Param: [2.4455636443127074e-6, 224.7007896711314, 2.4335037652224116e6, 0.007637215587314434, 0.020577952462181696, 2.985898232730243e-6, 365.2564455240689, 2.4336244023843533e6, 0.018636889690417515, 0.017728070191100544, 0.0005641454367889998, 4179.048786903498, 2.438855756970378e6, 0.005421299473412691, -0.08621588564796887]
Period: 4185.19351889837 log Prob: -113.3933561827746 Param: [2.4432062231777477e-6, 224.70078955004638, 2.433503765224136e6, 0.00757757114000762, 0.02047445266576984, 2.9860824599177315e-6, 365.25644505694993, 2.433624402389582e6, 0.018596892370578967, 0.01764306330909696, 0.0005700597742737732, 4185.19351889837, 2.438860021645243e6, 0.006331928815639797, -0.08515176636991019]
Period: 4191.347285899343 log Prob: -113.27071733612013 Param: [2.4406410515736085e-6, 224.70078942677722, 2.433503765225902e6, 0.007518487260171518, 0.020349650921518855, 2.986288385698406e-6, 365.256444591889, 2.433624402394802e6, 0.018559361692668575, 0.017543155299066915, 0.0005767814039946486, 4191.347285899343, 2.438864712584621e6, 0.007367181796332239, -0.08392010330157798]
Period: 4197.510101191186 log Prob: -113.15101513644362 Param: [2.4386881498834483e-6, 224.70078931504003, 2.433503765227517e6, 0.007511905646780089, 0.02023648364397137, 2.986788017455487e-6, 365.25644413045933, 2.4336244024000075e6, 0.018563951474895892, 0.017449023084112517, 0.00058220562064222, 4197.510101191186, 2.4388694639478046e6, 0.008008314939447335, -0.0828685111759231]
Period: 4203.681978078198 log Prob: -113.03421391541958 Param: [2.4366982343340643e-6, 224.70078919960886, 2.4335037652291777e6, 0.00749897117336777, 0.02012060530069688, 2.987206115715934e-6, 365.2564436543819, 2.4336244024053128e6, 0.018560470513356582, 0.0173531598565603, 0.0005878083908421409, 4203.681978078198, 2.438873942085642e6, 0.008726853279834652, -0.08188517053043139]
Period: 4209.862929884243 log Prob: -112.92029034285058 Param: [2.4343909685258654e-6, 224.70078906992902, 2.433503765231071e6, 0.0074506449055387804, 0.01996054472836245, 2.987423611334175e-6, 365.25644315081325, 2.4336244024108923e6, 0.018531662470802616, 0.01722590092861231, 0.0005943738091041243, 4209.862929884243, 2.438878539695987e6, 0.009672800679485121, -0.08079564071441528]
Period: 4216.052969952776 log Prob: -112.80917189483378 Param: [2.4322609855476676e-6, 224.7007889568001, 2.4335037652327055e6, 0.007407709553507715, 0.019821639766690283, 2.987658264870289e-6, 365.2564426688816, 2.433624402416172e6, 0.018507758895245287, 0.01711274390596777, 0.0005998573757345629, 4216.052969952776, 2.438883362219648e6, 0.01030679787598087, -0.07980037364194084]
Period: 4222.252111646869 log Prob: -112.7008409567248 Param: [2.4298080696717534e-6, 224.70078882924795, 2.4335037652345677e6, 0.007345587409407776, 0.019705329661986175, 2.987810691586407e-6, 365.25644215215516, 2.4336244024218987e6, 0.018468874471901146, 0.017018099860240568, 0.0006066019181085622, 4222.252111646869, 2.438888039514367e6, 0.011216876686663593, -0.07867345180612598]
Period: 4228.460368349245 log Prob: -112.59525538139219 Param: [2.427767154924254e-6, 224.70078870550032, 2.4335037652363773e6, 0.007305120667199163, 0.019569690803616775, 2.988063070457378e-6, 365.2564416385506, 2.433624402427544e6, 0.018445960505056588, 0.01690811413705829, 0.000612851317386431, 4228.460368349245, 2.438892684746407e6, 0.011999334939544729, -0.07766936093388006]
Period: 4234.677753462309 log Prob: -112.4923680997018 Param: [2.42531496915415e-6, 224.70078858450773, 2.4335037652381402e6, 0.007220483133024263, 0.019406220213847983, 2.9880049901414267e-6, 365.2564411312191, 2.4336244024331076e6, 0.01838990126367476, 0.016778182767549752, 0.0006193153875510135, 4234.677753462309, 2.438897460870357e6, 0.012757671674433492, -0.07666404209633641]
Period: 4240.904280408157 log Prob: -112.39214665313403 Param: [2.4231905165395564e-6, 224.70078846493553, 2.4335037652399135e6, 0.007200601919431717, 0.019241027126960273, 2.9883791360421867e-6, 365.2564406214382, 2.4336244024386997e6, 0.018387228068468923, 0.016645113557585047, 0.0006256166452494461, 4240.904280408157, 2.4389026964491904e6, 0.013439624972199509, -0.07558646539088104]
Period: 4247.1399626286375 log Prob: -112.29455516746195 Param: [2.4211916508656874e-6, 224.70078834049664, 2.4335037652417454e6, 0.00717288422611709, 0.01910924248582441, 2.9886773653504936e-6, 365.25644007007975, 2.4336244024446835e6, 0.018375998703374197, 0.01653798410564446, 0.0006317421110530068, 4247.1399626286375, 2.438907413510893e6, 0.014153126062407761, -0.0746278810302609]
Period: 4253.384813585355 log Prob: -112.1995656483139 Param: [2.4192204731370915e-6, 224.70078822242198, 2.433503765243491e6, 0.007136130311051723, 0.01895841246611948, 2.9888934634328863e-6, 365.25643953393114, 2.4336244024504786e6, 0.018357571461260446, 0.0164151877755802, 0.0006375863163209831, 4253.384813585355, 2.4389123227476766e6, 0.014737272762005631, -0.07370538196813466]
Period: 4259.638846759709 log Prob: -112.10715061411197 Param: [2.417241960102328e-6, 224.70078809639887, 2.4335037652453748e6, 0.007108511063002438, 0.018806722540896856, 2.9891810607546136e-6, 365.2564389809865, 2.4336244024564917e6, 0.01834763472611492, 0.016293649972504945, 0.0006438232770860894, 4259.638846759709, 2.438917191950055e6, 0.015417791477453794, -0.07275649518351443]
Period: 4265.902075652923 log Prob: -112.01726747421309 Param: [2.4149348913087177e-6, 224.70078797502003, 2.433503765247162e6, 0.007020439518565168, 0.018661378004094092, 2.9890740553688603e-6, 365.2564384357205, 2.4336244024623656e6, 0.018290046415966304, 0.016176255101073598, 0.0006503563390112181, 4265.902075652923, 2.4389220639822506e6, 0.016094571020049075, -0.07181411681171429]
Period: 4272.17451378607 log Prob: -111.92990272165092 Param: [2.4125440965275504e-6, 224.7007878462441, 2.4335037652490903e6, 0.00693771860141806, 0.018479143262117477, 2.989031000552839e-6, 365.25643787506135, 2.4336244024684224e6, 0.018239390235053013, 0.016032337396379357, 0.0006574824827821021, 4272.17451378607, 2.438927157684876e6, 0.016865392168984757, -0.07078634270538282]
Period: 4278.456174700104 log Prob: -111.84502700767048 Param: [2.410490187171893e-6, 224.70078772323737, 2.433503765250909e6, 0.0068732971376390594, 0.018329348147785394, 2.9890321295132254e-6, 365.25643731575303, 2.433624402474396e6, 0.018198219647410186, 0.015911429157007693, 0.000663852930866431, 4278.456174700104, 2.438931891193786e6, 0.017508202298120452, -0.06992959869789535]
Period: 4284.747071955893 log Prob: -111.76262398081583 Param: [2.4087239681814425e-6, 224.70078760208372, 2.4335037652527406e6, 0.006864115859698616, 0.01818134001737738, 2.9894374347841113e-6, 365.25643674677394, 2.433624402480536e6, 0.018205444495855184, 0.015790474701933663, 0.0006698730015618367, 4284.747071955893, 2.4389370272812108e6, 0.018035937003836666, -0.06904279662372859]
Period: 4291.047219134239 log Prob: -111.68267437004963 Param: [2.406503869046714e-6, 224.70078747877048, 2.433503765254581e6, 0.006785359362397612, 0.017987279736971857, 2.989338275489518e-6, 365.2564361709879, 2.433624402486672e6, 0.01815639487030229, 0.015636370886106556, 0.000676781684904212, 4291.047219134239, 2.4389420448010424e6, 0.018698174951219112, -0.06814497121474626]
Period: 4297.3566298359165 log Prob: -111.6051524854285 Param: [2.4040919668926506e-6, 224.70078735181525, 2.4335037652565087e6, 0.006700295233078769, 0.017795534131524397, 2.989233102440824e-6, 365.2564355848495, 2.4336244024929176e6, 0.018104097992115854, 0.015484267167123898, 0.0006840748630815076, 4297.3566298359165, 2.4389474754631515e6, 0.019411606904466132, -0.06712185131320401]
Period: 4303.6753176817 log Prob: -111.5300473102632 Param: [2.4025002630314902e-6, 224.70078723653484, 2.433503765258217e6, 0.006665522591337185, 0.01767808928022475, 2.9894059197994976e-6, 365.2564350071537, 2.4336244024990667e6, 0.01808787456665096, 0.015386962553894342, 0.0006898314414209338, 4303.6753176817, 2.4389521011078046e6, 0.01987754514014296, -0.06639455323998204]
Period: 4310.003296312381 log Prob: -111.45734925513997 Param: [2.400166829915363e-6, 224.7007871093066, 2.433503765260127e6, 0.006558233062374661, 0.017530496427842303, 2.989161194398691e-6, 365.25643441472965, 2.4336244025053773e6, 0.01801787418863009, 0.015269372587221417, 0.0006971046208672344, 4310.003296312381, 2.4389570325447214e6, 0.02057352152064646, -0.06548708945641414]
Period: 4316.34057938882 log Prob: -111.38705541766146 Param: [2.398134574321188e-6, 224.70078698563756, 2.433503765262026e6, 0.006505875177741086, 0.01733570795370614, 2.989209812295995e-6, 365.2564338089207, 2.4336244025117974e6, 0.0179903685884883, 0.01511360506316809, 0.0007037261228006857, 4316.34057938882, 2.4389623594805524e6, 0.021106490252506844, -0.06462031918469202]
Period: 4322.687180591957 log Prob: -111.31915040337977 Param: [2.396055402138129e-6, 224.70078686308784, 2.433503765263823e6, 0.006402390046791713, 0.017214564088718756, 2.9889389290126826e-6, 365.2564332107711, 2.433624402518079e6, 0.017921364228404492, 0.015015990426437333, 0.0007108342267504016, 4322.687180591957, 2.4389669531816323e6, 0.021780329014716108, -0.06383233254349129]
Period: 4329.0431136228535 log Prob: -111.25363833857256 Param: [2.3942808273560216e-6, 224.70078674063603, 2.433503765265706e6, 0.006364236056545483, 0.01706036327569507, 2.989097005183381e-6, 365.25643257455874, 2.4336244025248033e6, 0.017906017196566246, 0.014890032859298897, 0.0007170781614860893, 4329.0431136228535, 2.4389721639510575e6, 0.02225070090187252, -0.06301718523125745]
Period: 4335.408392202711 log Prob: -111.19050994106063 Param: [2.392345924654045e-6, 224.70078662089014, 2.4335037652675062e6, 0.00627972983009342, 0.016907182451865947, 2.9889534471464832e-6, 365.2564319948574, 2.433624402530953e6, 0.01785469925169119, 0.014767595630598878, 0.0007242691580971217, 4335.408392202711, 2.43897716407463e6, 0.02281189087325696, -0.062205350399563264]
Period: 4341.78303007291 log Prob: -111.12976128211862 Param: [2.3906235013476275e-6, 224.70078650164177, 2.4335037652693354e6, 0.006227815642771756, 0.016761002382047863, 2.9889711439468568e-6, 365.25643136044897, 2.4336244025376183e6, 0.017827082606532405, 0.014647996494030516, 0.0007304672311362167, 4341.78303007291, 2.4389821564285224e6, 0.023288202086864163, -0.06144621878586761]
Period: 4348.167040995034 log Prob: -111.07139606974178 Param: [2.388818398998144e-6, 224.7007863834012, 2.433503765271128e6, 0.006163810449838182, 0.016602325683299335, 2.9889228778846964e-6, 365.25643074557007, 2.4336244025440435e6, 0.01778974619178793, 0.014518684201701468, 0.000736900507188758, 4348.167040995034, 2.4389872061947393e6, 0.023738246795546227, -0.060726189519097334]
Period: 4354.560438750901 log Prob: -111.01542830601088 Param: [2.38693281659636e-6, 224.70078626047479, 2.4335037652730024e6, 0.006066417913946691, 0.01645963281751881, 2.9886600727855746e-6, 365.2564301146424, 2.4336244025506624e6, 0.01772737994197743, 0.014403779976245977, 0.0007437430485340931, 4354.560438750901, 2.4389920595571473e6, 0.024243781685717985, -0.05999185871706536]
Period: 4360.963237142595 log Prob: -110.96184994030355 Param: [2.3857159961142227e-6, 224.7007861451474, 2.4335037652747603e6, 0.006043146895556351, 0.01634970260616665, 2.988829361527402e-6, 365.25642947231813, 2.43362440255735e6, 0.017720817271817815, 0.014310848927305376, 0.0007492397441325179, 4360.963237142595, 2.4389968370542377e6, 0.024575899087083953, -0.059369238964338066]
Period: 4367.375449992492 log Prob: -110.91067941798444 Param: [2.3839186077615436e-6, 224.70078602455118, 2.4335037652765745e6, 0.005946690427004191, 0.016228564470726497, 2.9885695071190302e-6, 365.25642883559914, 2.433624402564007e6, 0.017659075075005456, 0.014212232156486367, 0.000756364726736032, 4367.375449992492, 2.4390015694807265e6, 0.025121185864672626, -0.05865445092279094]
Period: 4373.797091143298 log Prob: -110.86191464269375 Param: [2.3824721211313994e-6, 224.70078590759238, 2.4335037652783804e6, 0.005915099207578789, 0.016060118179396586, 2.9886931304638887e-6, 365.2564281935444, 2.433624402570672e6, 0.017648345681217932, 0.01407517056738747, 0.0007626607644430755, 4373.797091143298, 2.4390067528508063e6, 0.02552823584191191, -0.05797141172225121]
Period: 4380.228174458059 log Prob: -110.81556873888093 Param: [2.3810898991241753e-6, 224.7007857864513, 2.4335037652802407e6, 0.005847763866634749, 0.015963774622897872, 2.9885988032887832e-6, 365.2564275265632, 2.433624402577651e6, 0.017608670934159798, 0.013994273122430219, 0.000769036437829499, 4380.228174458059, 2.439011420204957e6, 0.025949967645565227, -0.05731536822039591]
Period: 4386.668713820217 log Prob: -110.77165019292235 Param: [2.3800892151708904e-6, 224.7007856728159, 2.4335037652820176e6, 0.0058451574270983195, 0.0158421360333957, 2.9888839722585824e-6, 365.2564268654692, 2.4336244025845323e6, 0.017619857258771417, 0.013890799670385857, 0.000774302400835006, 4386.668713820217, 2.439016461356058e6, 0.026182073538962593, -0.0567148720557171]
Period: 4393.118723133624 log Prob: -110.73016769128114 Param: [2.37885030202258e-6, 224.7007855563245, 2.433503765283794e6, 0.0057827838851819795, 0.01575008077286629, 2.9887865583394987e-6, 365.25642620885736, 2.4336244025913444e6, 0.017583125010337704, 0.013812422630666135, 0.0007803454225887065, 4393.118723133624, 2.439021068678039e6, 0.02653706261248181, -0.056125537304712377]
Period: 4399.578216322579 log Prob: -110.69113287783738 Param: [2.3776682593558918e-6, 224.70078544113167, 2.4335037652855376e6, 0.005726658656988213, 0.015638466995862747, 2.988714706949008e-6, 365.2564255461567, 2.4336244025981524e6, 0.017551229274210368, 0.013718935782648966, 0.0007864835813673827, 4399.578216322579, 2.439025716585837e6, 0.026917185309684927, -0.05556343812897186]
Period: 4406.047207331848 log Prob: -110.65456058585072 Param: [2.376552645195814e-6, 224.70078532500938, 2.43350376528733e6, 0.005678247987032455, 0.015531194523435791, 2.988683718787833e-6, 365.2564248791789, 2.4336244026050516e6, 0.017524856599308584, 0.013628308499127587, 0.0007923831075685817, 4406.047207331848, 2.4390304354209737e6, 0.027217428084572125, -0.0550055886684386]
Period: 4412.525710126708 log Prob: -110.62044647914895 Param: [2.376088191424714e-6, 224.70078521082507, 2.4335037652890976e6, 0.005694019466449224, 0.015459162280820728, 2.989047063159025e-6, 365.25642419527475, 2.4336244026121134e6, 0.01754844586482061, 0.013563242609277193, 0.000797319360703468, 4412.525710126708, 2.4390350318609397e6, 0.027436392620703593, -0.054510269166982483]
Period: 4419.013738692964 log Prob: -110.58881483069898 Param: [2.375128748424947e-6, 224.70078509680872, 2.433503765290859e6, 0.005645953451072329, 0.01536425272325773, 2.989011460114921e-6, 365.2564235190526, 2.433624402619092e6, 0.01752280358153254, 0.013481182392502006, 0.0008030289365511329, 4419.013738692964, 2.4390397153190146e6, 0.02769539479562662, -0.05397625401849995]
Period: 4425.51130703699 log Prob: -110.55966591735857 Param: [2.3744987853771868e-6, 224.7007849831951, 2.433503765292594e6, 0.005616001483468324, 0.01531302387424414, 2.9890697779788396e-6, 365.2564228249991, 2.433624402626204e6, 0.017510119329795282, 0.013432852834522127, 0.0008081931261356934, 4425.51130703699, 2.4390440730374134e6, 0.027944067515937688, -0.05350937099800322]
Period: 4432.018429185752 log Prob: -110.53301510585509 Param: [2.374088938451992e-6, 224.70078487123192, 2.4335037652943707e6, 0.0056192983303643244, 0.015188720805219155, 2.9893555400288603e-6, 365.25642213771624, 2.433624402633273e6, 0.017525060082789184, 0.01332611647498587, 0.0008131865158565191, 4432.018429185752, 2.4390490320104104e6, 0.02811154984168511, -0.053003076030128125]
Period: 4438.535119186841 log Prob: -110.50884475650795 Param: [2.3738358208855534e-6, 224.70078475850178, 2.4335037652960997e6, 0.005627649217814262, 0.015146761847120663, 2.9896169768609187e-6, 365.25642144061686, 2.433624402640403e6, 0.017540582782223566, 0.013283625634147233, 0.0008179118053585903, 4438.535119186841, 2.4390533418911994e6, 0.028278484055418846, -0.05259365180252735]
Period: 4445.061391108509 log Prob: -110.48718466582487 Param: [2.373636598421991e-6, 224.70078464905706, 2.433503765297812e6, 0.005626183526102557, 0.015097355255508626, 2.989844928836014e-6, 365.2564207510949, 2.433624402647496e6, 0.017549854345705624, 0.01323450515537248, 0.0008224178067878924, 4445.061391108509, 2.4390578947406868e6, 0.02837035614362314, -0.05215772040646544]
Period: 4451.597259039679 log Prob: -110.46801486460747 Param: [2.373498465860622e-6, 224.7007845340949, 2.433503765299572e6, 0.00561803693638315, 0.015076388033798445, 2.9900164259898693e-6, 365.2564200336014, 2.4336244026548364e6, 0.0175536481009135, 0.013209185788242551, 0.0008272266395737006, 4451.597259039679, 2.439061999179924e6, 0.028565559469300505, -0.05176592692400249]
Period: 4458.142737090001 log Prob: -110.4513558239538 Param: [2.3739796771873996e-6, 224.70078442487687, 2.433503765301285e6, 0.005686927299926883, 0.015048988859203022, 2.9906354348710025e-6, 365.2564193207696, 2.433624402662095e6, 0.017616197202955177, 0.013174564355171668, 0.0008303517403959286, 4458.142737090001, 2.4390663631686945e6, 0.028529350228521187, -0.05144821525315187]
Period: 4464.697839389872 log Prob: -110.43719218133684 Param: [2.3745535210764248e-6, 224.70078431357382, 2.43350376530301e6, 0.005730436664908836, 0.015029304499284895, 2.991105252295862e-6, 365.25641860852824, 2.4336244026693595e6, 0.01765789685373972, 0.013147288003159736, 0.0008340896273345458, 4464.697839389872, 2.439070478055654e6, 0.028566759028638842, -0.05113408731223003]
Period: 4471.262580090461 log Prob: -110.42551592747797 Param: [2.3746461894809058e-6, 224.70078420193835, 2.4335037653047713e6, 0.0057476964144995025, 0.014984373138392262, 2.991387053997334e-6, 365.25641788611796, 2.4336244026767015e6, 0.01768032313034465, 0.013101735958482914, 0.0008381548907237899, 4471.262580090461, 2.4390749469268136e6, 0.028636421674679415, -0.05075247280901281]
Period: 4477.836973363747 log Prob: -110.41633096823021 Param: [2.3753121141107547e-6, 224.70078408914938, 2.4335037653065175e6, 0.0057853814947230586, 0.014985709463227566, 2.9918090867942793e-6, 365.25641715493805, 2.433624402684104e6, 0.017718076878807602, 0.013091209929435323, 0.000841547082059228, 4477.836973363747, 2.4390789332146063e6, 0.02865749612033532, -0.050470750169000086]
Period: 4484.421033402548 log Prob: -110.40960639112367 Param: [2.376424520083471e-6, 224.70078397955274, 2.4335037653082237e6, 0.005863340823839686, 0.015014554946872375, 2.9924614613273194e-6, 365.25641642842294, 2.433624402691512e6, 0.017786216959020582, 0.013099226797362598, 0.0008442719423281044, 4484.421033402548, 2.439082863305117e6, 0.028565460731068273, -0.05022717091631846]
Period: 4491.014774420547 log Prob: -110.4053484370787 Param: [2.377423240446337e-6, 224.7007838700692, 2.4335037653099513e6, 0.005943821643214685, 0.015026236935762043, 2.9931096748135996e-6, 365.25641569037657, 2.4336244026989937e6, 0.01785568495942201, 0.013094398742528525, 0.0008468701963583257, 4491.014774420547, 2.439087026433889e6, 0.028457599528121966, -0.049961004522802305]
Period: 4497.618210652329 log Prob: -110.40352768381621 Param: [2.378567165237148e-6, 224.70078376150565, 2.4335037653116556e6, 0.006018920590581022, 0.015022879222206865, 2.9937462667359905e-6, 365.2564149638073, 2.4336244027063353e6, 0.017922951617154632, 0.013077841650368563, 0.0008496105556363782, 4497.618210652329, 2.439091239323469e6, 0.028356413915252045, -0.04970304024097862]
Period: 4504.231356353409 log Prob: -110.40412398259853 Param: [2.3795972839567106e-6, 224.70078364920346, 2.433503765313405e6, 0.006083903426203679, 0.015045825521665439, 2.9942713757932983e-6, 365.2564142151969, 2.4336244027138604e6, 0.01798012474503031, 0.013083103502344878, 0.0008523314748914652, 4504.231356353409, 2.439095116308605e6, 0.028297351919322675, -0.04948615573859109]
Period: 4510.854225800262 log Prob: -110.40711188627513 Param: [2.381179397497901e-6, 224.7007835363629, 2.4335037653151895e6, 0.006193946520263302, 0.015077468058697016, 2.9950841076502096e-6, 365.25641345989317, 2.433624402721488e6, 0.01807247959022696, 0.013092958106366535, 0.0008542957967557105, 4510.854225800262, 2.4390990663834657e6, 0.028134706845218658, -0.049285218925731004]
Period: 4517.486833290353 log Prob: -110.41247380329584 Param: [2.3828757019116433e-6, 224.70078342616006, 2.433503765316914e6, 0.006291458952350671, 0.015119014006167079, 2.995836964521521e-6, 365.25641271517213, 2.4336244027289813e6, 0.01815508410360971, 0.013110815335540585, 0.0008565336192562322, 4517.486833290353, 2.439103001038713e6, 0.02799263412123784, -0.0490809159435356]
Period: 4524.12919314218 log Prob: -110.42016938519471 Param: [2.3847381005725726e-6, 224.70078331624794, 2.4335037653186163e6, 0.006413498958015718, 0.015174465475616723, 2.99664929002176e-6, 365.2564119601235, 2.433624402736468e6, 0.018253704754883252, 0.013138623998184508, 0.0008573749594755948, 4524.12919314218, 2.4391064961619587e6, 0.027723284099692342, -0.049029666326730954]
Period: 4530.781319695273 log Prob: -110.43015904885642 Param: [2.3870838396096853e-6, 224.7007832067154, 2.4335037653203644e6, 0.006580061051814573, 0.015229429096411978, 2.997783742335324e-6, 365.2564112027079, 2.4336244027440636e6, 0.018389918594849432, 0.013164970431933007, 0.000858028534079283, 4530.781319695273, 2.439110469271161e6, 0.027391940601088887, -0.04890088165285134]
Period: 4537.443227310267 log Prob: -110.44241385176723 Param: [2.388959907044392e-6, 224.70078309443028, 2.433503765322106e6, 0.006682756094540631, 0.01533819228480299, 2.998498706283046e-6, 365.25641043502947, 2.433624402751759e6, 0.01847513164343327, 0.013235598508496663, 0.0008595533382148263, 4537.443227310267, 2.4391138873739005e6, 0.02720822168528678, -0.048770095850840245]
Period: 4544.114930368901 log Prob: -110.45689208343946 Param: [2.391668121837669e-6, 224.7007829831705, 2.4335037653239076e6, 0.006877218863297849, 0.015390208397915526, 2.999766039589827e-6, 365.2564096605818, 2.433624402759488e6, 0.01863215269171764, 0.013258592533244856, 0.0008592753229281245, 4544.114930368901, 2.439117783877183e6, 0.02677178354318711, -0.04870048586057958]
Period: 4550.796443274066 log Prob: -110.47354763450734 Param: [2.3947803146399646e-6, 224.7007828725019, 2.433503765325645e6, 0.007072032224429799, 0.015485045464937692, 3.001035317924221e-6, 365.25640889594445, 2.433624402767047e6, 0.01878771313125011, 0.013314084198625741, 0.0008586242825537715, 4550.796443274066, 2.4391212864630218e6, 0.026304508127166656, -0.04871995903383282]
Period: 4557.487780449829 log Prob: -110.49231958210908 Param: [2.3974594765374474e-6, 224.70078275605724, 2.433503765327472e6, 0.007234092672423286, 0.015599732215180481, 3.002093165122809e-6, 365.2564081062883, 2.43362440277492e6, 0.018919124691978973, 0.01338861219494932, 0.0008593085511806402, 4557.487780449829, 2.4391246933519696e6, 0.02604381385857219, -0.048636760016421504]
Period: 4564.188956341465 log Prob: -110.51317360630664 Param: [2.4011033149299114e-6, 224.7007826435535, 2.43350376532928e6, 0.007494425354090834, 0.015714091465563344, 3.003747982737602e-6, 365.25640732761286, 2.4336244027826646e6, 0.01912628497107913, 0.013457791238174041, 0.0008579435505644878, 4564.188956341465, 2.4391283574178955e6, 0.025481683566710135, -0.04864541425946934]
Period: 4570.899985415489 log Prob: -110.53603934282373 Param: [2.404400274230237e-6, 224.70078253252882, 2.433503765331034e6, 0.007694561183750646, 0.015814615402845858, 3.005005422022239e-6, 365.2564065539069, 2.433624402790278e6, 0.019285703784474976, 0.01351861632639202, 0.0008569597348353474, 4570.899985415489, 2.439131735698553e6, 0.024980983612445575, -0.048691683125081084]
Period: 4577.620882159686 log Prob: -110.5608734911095 Param: [2.4080184496229732e-6, 224.70078241706386, 2.4335037653328557e6, 0.007931671369629772, 0.015969200252892588, 3.0064720163019732e-6, 365.2564057541517, 2.4336244027981516e6, 0.019474498001614847, 0.01362099053880186, 0.0008554224038899518, 4577.620882159686, 2.4391349505721643e6, 0.02444775837727683, -0.04875561893683586]
Period: 4584.351661083146 log Prob: -110.587606467466 Param: [2.411957641632287e-6, 224.7007823039776, 2.433503765334656e6, 0.008197951589775864, 0.016076589530592877, 3.0081219337858084e-6, 365.25640497489644, 2.4336244028058015e6, 0.019686702070915555, 0.013686624863372205, 0.0008538166686666303, 4584.351661083146, 2.4391384566500545e6, 0.023861715850480195, -0.04882522317632391]
Period: 4591.0923367162895 log Prob: -110.61618917633426 Param: [2.416889606438533e-6, 224.70078218847468, 2.4335037653364935e6, 0.00853370927602375, 0.01628200793269143, 3.0101618130620078e-6, 365.2564041709985, 2.433624402813669e6, 0.019950831205075327, 0.013826176531909878, 0.0008499433512970344, 4591.0923367162895, 2.4391413924250007e6, 0.023043901987826885, -0.049045249176400595]
Period: 4597.8429236109105 log Prob: -110.64651438045588 Param: [2.4206971760404135e-6, 224.70078207184181, 2.4335037653383617e6, 0.008781127464136129, 0.016393217048623808, 3.011684551686817e-6, 365.25640337603295, 2.433624402821473e6, 0.02014908553753184, 0.013896117427488487, 0.0008486780681343592, 4597.8429236109105, 2.4391449098404995e6, 0.022501516176284212, -0.049079206341347305]
Period: 4604.603436340181 log Prob: -110.6785513564312 Param: [2.425367755474847e-6, 224.70078195823683, 2.4335037653401806e6, 0.009095079900210962, 0.016564396085631296, 3.013583754393679e-6, 365.25640258725696, 2.4336244028292135e6, 0.02039815895811311, 0.014009195977101955, 0.0008458467430503249, 4604.603436340181, 2.4391481652981373e6, 0.021762537169649734, -0.0492075847080407]
Period: 4611.37388949872 log Prob: -110.71222003943318 Param: [2.4312183904879898e-6, 224.70078183623454, 2.433503765342115e6, 0.00951858978959329, 0.016770674289564157, 3.0161282155622204e-6, 365.25640176578736, 2.433624402837155e6, 0.020730832912933324, 0.01414953214839976, 0.0008410772609274127, 4611.37388949872, 2.439151012953016e6, 0.02084327852933752, -0.04951637417550248]
Period: 4618.154297702596 log Prob: -110.74742957139988 Param: [2.435609993817586e-6, 224.70078172192711, 2.4335037653439515e6, 0.009793391670019583, 0.0169074632172413, 3.0177816827830358e-6, 365.25640097345075, 2.4336244028448625e6, 0.02095062099896172, 0.0142386616746251, 0.0008387007947303466, 4618.154297702596, 2.439154416752036e6, 0.020142990787961952, -0.04962390188768849]
Period: 4624.944675589372 log Prob: -110.78412422001855 Param: [2.4420442200129083e-6, 224.70078160310246, 2.43350376534584e6, 0.01026066516570834, 0.017138108683286753, 3.0205641733627744e-6, 365.2564001655747, 2.433624402852656e6, 0.021318339199446482, 0.01439683165017779, 0.0008332442083853399, 4624.944675589372, 2.4391572339702323e6, 0.01908934198580287, -0.04997592169479396]
Period: 4631.745037818133 log Prob: -110.82220869676529 Param: [2.447353828993871e-6, 224.70078148148656, 2.4335037653477993e6, 0.01061550559117268, 0.017328235156571954, 3.022667213615696e-6, 365.25639934804286, 2.4336244028605716e6, 0.02159902320483527, 0.014526613116813764, 0.0008293584255824667, 4631.745037818133, 2.4391602860413636e6, 0.018231479458269962, -0.050190927040378794]
Period: 4638.555399069516 log Prob: -110.86161664003886 Param: [2.453777077477252e-6, 224.70078136340655, 2.4335037653497024e6, 0.011082510145076621, 0.017520079465974153, 3.0254558605637314e-6, 365.2563985454637, 2.433624402868316e6, 0.02196919016854973, 0.014655977867666155, 0.0008242217779169332, 4638.555399069516, 2.4391634752144567e6, 0.01715651954588611, -0.0504918152263356]
Period: 4645.375774045748 log Prob: -110.90226021661795 Param: [2.4597225978056635e-6, 224.70078124231185, 2.433503765351636e6, 0.011482547678013492, 0.017745516294214253, 3.027810576627559e-6, 365.25639772927593, 2.4336244028761573e6, 0.022286278722465188, 0.014813178401516122, 0.0008196284741588704, 4645.375774045748, 2.439166302578992e6, 0.016188931435705937, -0.05079293133130711]
Period: 4652.20617747067 log Prob: -110.94404942782212 Param: [2.4669833805633914e-6, 224.70078111983307, 2.433503765353626e6, 0.012012427996094102, 0.017987152735804212, 3.030943552003152e-6, 365.25639690960224, 2.4336244028840475e6, 0.02270489979592103, 0.014980760876616005, 0.00081319817818363, 4652.20617747067, 2.4391692270076284e6, 0.014944289064650755, -0.05117327491921132]
Period: 4659.046624089773 log Prob: -110.98691387004621 Param: [2.4745948792751004e-6, 224.7007809967711, 2.4335037653556066e6, 0.012581026569111848, 0.01822624237751492, 3.0343011849509456e-6, 365.25639609730547, 2.4336244028917896e6, 0.023153920859635944, 0.0151463595549443, 0.0008063937274531989, 4659.046624089773, 2.4391721003525057e6, 0.01362516573762572, -0.05162875035355137]
Period: 4665.897128670233 log Prob: -111.03075675765896 Param: [2.4819516590792783e-6, 224.70078087145637, 2.4335037653576345e6, 0.013115384916759145, 0.018461351477207687, 3.0374501810825617e-6, 365.25639526890257, 2.4336244028997156e6, 0.023577975439734073, 0.015310781955527809, 0.0008002591917054713, 4665.897128670233, 2.4391749970893916e6, 0.012413707200612375, -0.05200597624195895]
Period: 4672.757706000937 log Prob: -111.07551362425603 Param: [2.4900858140867308e-6, 224.70078074830764, 2.4335037653596145e6, 0.013708171675548723, 0.01875248084795312, 3.0409291387997384e-6, 365.256394454224, 2.433624402907469e6, 0.024045776914711478, 0.015517659047570326, 0.0007927467589050791, 4672.757706000937, 2.439177534454677e6, 0.010927981969033258, -0.05254242889067163]
Period: 4679.62837089251 log Prob: -111.12108797442066 Param: [2.4982791642664305e-6, 224.70078062260131, 2.433503765361633e6, 0.014320148176606075, 0.01898785930499846, 3.0445292646929057e-6, 365.2563936360778, 2.433624402915208e6, 0.024531922736703196, 0.015682511118507943, 0.0007860140302790026, 4679.62837089251, 2.4391804211651203e6, 0.009596978296892532, -0.05300365768199791]
Period: 4686.509138177364 log Prob: -111.16739469812813 Param: [2.5067470061990414e-6, 224.70078049645016, 2.4335037653636727e6, 0.014937184661685268, 0.01930674640443935, 3.0481523134928673e-6, 365.25639280921996, 2.4336244029231053e6, 0.025021694800221938, 0.01591310149269161, 0.0007787164497206038, 4686.509138177364, 2.439182946274697e6, 0.008127221596063883, -0.053500234156813924]
Period: 4693.400022709716 log Prob: -111.21437066184687 Param: [2.516714690740929e-6, 224.70078036658145, 2.4335037653657435e6, 0.015688010494101977, 0.019652012822636997, 3.0525697180510103e-6, 365.25639197360385, 2.433624402930953e6, 0.025616444187401104, 0.01616172827597367, 0.0007693887344559617, 4693.400022709716, 2.439185076906769e6, 0.006372516043472205, -0.0542249306118891]
Period: 4700.301039365624 log Prob: -111.2619027239796 Param: [2.5252201598197703e-6, 224.70078024460742, 2.4335037653677445e6, 0.016332015828308906, 0.01985962569526183, 3.0563446765745434e-6, 365.25639117296623, 2.4336244029384907e6, 0.026128562581866414, 0.016306209140515483, 0.0007621158585906969, 4700.301039365624, 2.4391882792792893e6, 0.004789952497661786, -0.05470941530630059]
Period: 4707.212203043022 log Prob: -111.3099677336615 Param: [2.535435712007272e-6, 224.70078011488428, 2.4335037653698926e6, 0.017128749324405668, 0.020122467073334586, 3.061052862115767e-6, 365.2563903438284, 2.4336244029463744e6, 0.026762051033296364, 0.01649260989082608, 0.0007535054457228367, 4707.212203043022, 2.4391913894510376e6, 0.0029829576535044537, -0.05526880351888376]
Period: 4714.133528661745 log Prob: -111.35846308955252 Param: [2.546634409717175e-6, 224.70077998360637, 2.433503765371964e6, 0.01799795818260183, 0.020455855284608287, 3.0661633741308483e-6, 365.2563895207307, 2.4336244029539605e6, 0.02745110572475931, 0.016734228589257334, 0.0007435986060772541, 4714.133528661745, 2.4391934930436905e6, 0.0010388371193347306, -0.05610239850122191]
Period: 4721.065031163569 log Prob: -111.40732345418559 Param: [2.5570836052571577e-6, 224.70077985718044, 2.4335037653740305e6, 0.018790683269869365, 0.02080054004161741, 3.0708269247764613e-6, 365.25638870399337, 2.433624402961657e6, 0.028082412007437843, 0.016986293972505097, 0.0007343599743048681, 4721.065031163569, 2.439195970101608e6, -0.000949575212675859, -0.05680367805510603]
Period: 4728.0067255122385 log Prob: -111.45652130019425 Param: [2.567018642342588e-6, 224.70077973031314, 2.4335037653760794e6, 0.019540619976944416, 0.021082938866223255, 3.075230738247064e-6, 365.25638789358584, 2.4336244029692295e6, 0.02868028950776731, 0.01719096837348102, 0.0007265347811078322, 4728.0067255122385, 2.4391986916623195e6, -0.002708801134895096, -0.057412458601946006]
Period: 4734.958626693499 log Prob: -111.50596573718559 Param: [2.579336435299299e-6, 224.70077959936754, 2.4335037653781874e6, 0.020521004149939546, 0.0213813977046592, 3.081033235680527e-6, 365.25638708376835, 2.433624402976732e6, 0.029459923248601215, 0.017406872611733213, 0.0007164533347178358, 4734.958626693499, 2.4392012128309067e6, -0.004941125032991121, -0.058252704776053266]
Period: 4741.920749715135 log Prob: -111.55565720559535 Param: [2.589714484370977e-6, 224.70077947035492, 2.4335037653802806e6, 0.021309129080232372, 0.021641557907470178, 3.0856838132510745e-6, 365.25638627559454, 2.4336244029842834e6, 0.030090338323782863, 0.017596557631328308, 0.000708835994698769, 4741.920749715135, 2.4392040946266106e6, -0.006781282013256057, -0.05887399757510081]
Period: 4748.893109606997 log Prob: -111.60552536542671 Param: [2.6015372444649457e-6, 224.70077934143828, 2.4335037653823663e6, 0.022218976305972298, 0.021954304460203498, 3.0910553583808785e-6, 365.2563854698463, 2.433624402991756e6, 0.030815725246312823, 0.017825934317054454, 0.0006993746727229815, 4748.893109606997, 2.4392064831809523e6, -0.009000961963124063, -0.05970428012368943]
Period: 4755.8757214210245 log Prob: -111.65556204800355 Param: [2.614966174869599e-6, 224.70077921366763, 2.433503765384456e6, 0.02328047207431283, 0.02228534635361274, 3.097362216282406e-6, 365.25638466781317, 2.433624402999217e6, 0.031662693003147446, 0.01806937972528659, 0.0006887141603537265, 4755.8757214210245, 2.4392091594750416e6, -0.011558913634510462, -0.06059050785223357]
Period: 4762.868600231301 log Prob: -111.70573835713157 Param: [2.6261395909396107e-6, 224.700779079441, 2.433503765386605e6, 0.02414433395321588, 0.022579277549353467, 3.102466496082485e-6, 365.256383848066, 2.433624403006811e6, 0.03235355447633873, 0.0182873057236541, 0.0006810745171605128, 4762.868600231301, 2.4392116291097472e6, -0.013477373920537338, -0.06130160590488562]
Period: 4769.871761134071 log Prob: -111.75607135213798 Param: [2.638924278364645e-6, 224.7007789505277, 2.43350376538873e6, 0.025146901619031013, 0.02280712558876761, 3.1084426122467417e-6, 365.25638305170327, 2.433624403014251e6, 0.033156893109664375, 0.018452773581392995, 0.0006723406514932616, 4769.871761134071, 2.4392148597151116e6, -0.015810002793260523, -0.0620139332287091]
Period: 4776.885219247775 log Prob: -111.80651182242805 Param: [2.6505088905751037e-6, 224.70077882086107, 2.4335037653907803e6, 0.026038812236363375, 0.023124489720142378, 3.1137250357684967e-6, 365.2563822567629, 2.4336244030215302e6, 0.033870749932342195, 0.018690293132739007, 0.0006642540002616259, 4776.885219247775, 2.43921702896654e6, -0.017988223832993876, -0.06287030810723516]
Period: 4783.908989713085 log Prob: -111.8571013676433 Param: [2.6638962853709903e-6, 224.70077869258816, 2.4335037653928744e6, 0.027080474623821436, 0.023408158257130274, 3.1199418578699914e-6, 365.25638146806045, 2.433624403028858e6, 0.03470537398810315, 0.018900890267503183, 0.0006551815981824656, 4783.908989713085, 2.4392198084463202e6, -0.02046525122556713, -0.06369632722036711]
Period: 4790.943087692934 log Prob: -111.90783174644552 Param: [2.675404600055458e-6, 224.7007785659376, 2.4335037653948916e6, 0.027940754761963064, 0.023647043105873202, 3.1250333454979074e-6, 365.25638069026917, 2.433624403035972e6, 0.03539608251618846, 0.019078469434827994, 0.0006482981056734965, 4790.943087692934, 2.4392224068582705e6, -0.022456991511189232, -0.0644183756354651]
Period: 4797.987528372548 log Prob: -111.95871630944579 Param: [2.687900936040782e-6, 224.70077843769357, 2.4335037653969997e6, 0.02892242868459058, 0.0238702936986625, 3.130898490889734e-6, 365.2563798979925, 2.4336244030433297e6, 0.0361840692851923, 0.0192447028843021, 0.0006405104805254182, 4797.987528372548, 2.439225598536176e6, -0.024778304687740768, -0.06511472446366025]
Period: 4805.042326959485 log Prob: -112.0097700293824 Param: [2.7002847549123593e-6, 224.70077831039083, 2.4335037653990355e6, 0.029858681866945472, 0.02409040555838828, 3.1364854508744026e-6, 365.25637912816666, 2.4336244030504012e6, 0.03693679597583051, 0.019408734841107018, 0.0006334314669775446, 4805.042326959485, 2.4392283676586784e6, -0.026991225076477086, -0.06586612243985668]
Period: 4812.10749868366 log Prob: -112.06101964453582 Param: [2.7126609752323715e-6, 224.7007781812948, 2.4335037654011473e6, 0.030796081029619168, 0.02432395387944718, 3.1420978653046076e-6, 365.2563783444385, 2.433624403057711e6, 0.037691720361207756, 0.01958396577601635, 0.0006266625288419401, 4812.10749868366, 2.439231375603942e6, -0.029137294260251086, -0.06649437715888204]
Period: 4819.1830587973855 log Prob: -112.11247035390193 Param: [2.723191497735577e-6, 224.700778059361, 2.4335037654031133e6, 0.031565187918378465, 0.024495961866293672, 3.1466517416119017e-6, 365.25637758913393, 2.4336244030646477e6, 0.03831121747031377, 0.01971211805706191, 0.0006210097922601764, 4819.1830587973855, 2.4392344342281003e6, -0.031174567806493386, -0.06711472741996583]
Period: 4826.2690225754 log Prob: -112.16414845799476 Param: [2.736088336749557e-6, 224.70077792832723, 2.433503765405207e6, 0.03253279597292694, 0.024762277467655497, 3.1524465502587052e-6, 365.2563768036395, 2.4336244030718943e6, 0.03909092011514642, 0.019914047695895897, 0.0006142000429528612, 4826.2690225754, 2.439236929860767e6, -0.03338951316221164, -0.06789204005349632]
Period: 4833.365405314892 log Prob: -112.21607924285394 Param: [2.7469046228146813e-6, 224.70077780430776, 2.433503765407217e6, 0.03333637617694729, 0.02486734990573645, 3.1572404594895905e-6, 365.25637604983814, 2.433624403078821e6, 0.039739724842935045, 0.01999126103431673, 0.0006091817159097833, 4833.365405314892, 2.4392404119020887e6, -0.03528655414287321, -0.06839673912414068]
Period: 4840.472222335555 log Prob: -112.26829448684212 Param: [2.7588991238014573e-6, 224.70077767706852, 2.4335037654092987e6, 0.034223778100874916, 0.025061140832417114, 3.1625432774281463e-6, 365.2563752760189, 2.43362440308602e6, 0.04045580646247649, 0.02013855446653258, 0.0006033710060910219, 4840.472222335555, 2.4392435105604636e6, -0.03740312689398276, -0.06900128976963843]
Period: 4847.589488979602 log Prob: -112.32080314789457 Param: [2.7706172345599348e-6, 224.70077755381246, 2.4335037654112843e6, 0.03508026856062407, 0.0252550670268637, 3.1676632424025626e-6, 365.25637452289, 2.4336244030929273e6, 0.041147102730208544, 0.020285782894713614, 0.0005977205860088948, 4847.589488979602, 2.4392464105146006e6, -0.039498815060036996, -0.0696402897889066]
Period: 4854.717220611807 log Prob: -112.37362310620586 Param: [2.779330987663593e-6, 224.7007774306145, 2.4335037654132736e6, 0.03565639484625386, 0.025368510384022328, 3.17104919235894e-6, 365.2563737750973, 2.433624403099861e6, 0.041617173989723616, 0.02037126388144377, 0.0005949116304006247, 4854.717220611807, 2.4392497229037983e6, -0.04091244436387487, -0.06996577261259408]
Period: 4861.855432619533 log Prob: -112.42677709997322 Param: [2.7908535831115853e-6, 224.70077730589878, 2.4335037654152894e6, 0.036486298913341174, 0.025522133479417574, 3.1760083609860827e-6, 365.2563730200619, 2.433624403106796e6, 0.04228875524125585, 0.020488556734685474, 0.0005898447282887208, 4861.855432619533, 2.439252769765214e6, -0.04289344155839499, -0.0705475951089532]
Period: 4869.0041404127705 log Prob: -112.48030109467577 Param: [2.8032069321626713e-6, 224.70077718191348, 2.433503765417313e6, 0.03740919400148241, 0.02566224763838155, 3.1815661563246197e-6, 365.25637227746955, 2.433624403113641e6, 0.04303357662959013, 0.0205951112905751, 0.0005842007555328212, 4869.0041404127705, 2.439256054140568e6, -0.045136347446413594, -0.07115666371243488]
Period: 4876.163359424168 log Prob: -112.53421320730311 Param: [2.8124633909464345e-6, 224.70077706021542, 2.4335037654192885e6, 0.038023606232167786, 0.025818543430545196, 3.185184974534371e-6, 365.25637152613444, 2.433624403120604e6, 0.04353570009545084, 0.02071549383639574, 0.0005812288575748842, 4876.163359424168, 2.439259250505044e6, -0.04655820088575788, -0.07148430273168814]
Period: 4883.3331051090645 log Prob: -112.58848884044038 Param: [2.823605115510674e-6, 224.70077693669964, 2.4335037654213067e6, 0.038829995042912104, 0.025901812988037145, 3.1900178503516086e-6, 365.25637078513125, 2.4336244031274198e6, 0.04418728623025622, 0.02077831845152376, 0.0005764620402610763, 4883.3331051090645, 2.4392626899157404e6, -0.04866257852215809, -0.07202671233399591]
Period: 4890.513392945526 log Prob: -112.64320476992776 Param: [2.8314735952275384e-6, 224.7007768168773, 2.4335037654232387e6, 0.03931998644525392, 0.025976263744067998, 3.1928671186297346e-6, 365.25637005817396, 2.4336244031341155e6, 0.04458941613981258, 0.02083532620922077, 0.0005744679365396134, 4890.513392945526, 2.4392659848355274e6, -0.04989874111222534, -0.07228785549599341]
Period: 4897.704238434374 log Prob: -112.6983402419194 Param: [2.841780968283413e-6, 224.70077669713086, 2.4335037654252e6, 0.04004624206591605, 0.02606989004290849, 3.1972101050160477e-6, 365.25636932658716, 2.4336244031408476e6, 0.04517909434604452, 0.020907482418387035, 0.0005706163456402835, 4897.704238434374, 2.439269522545252e6, -0.05172362476783483, -0.07270812610383019]
Period: 4904.90565709923 log Prob: -112.75392819846115 Param: [2.8514043449787987e-6, 224.7007765765608, 2.433503765427136e6, 0.04069070204268658, 0.02616198185484494, 3.2010196597282766e-6, 365.25636859995336, 2.4336244031474832e6, 0.04570388424709683, 0.020978347590460942, 0.000567474315959392, 4904.90565709923, 2.439272670646466e6, -0.05332980907780069, -0.0731435956664313]
Period: 4912.117664486522 log Prob: -112.80997843301047 Param: [2.862639885811899e-6, 224.70077645373618, 2.4335037654291573e6, 0.04148129621359216, 0.026248455838746517, 3.2057698214798454e-6, 365.2563678615748, 2.433624403154346e6, 0.04634593742246788, 0.021045497165608443, 0.0005637469091424886, 4912.117664486522, 2.439276317714149e6, -0.05514603914490353, -0.07351027695882381]
Period: 4919.340276165557 log Prob: -112.86649148236742 Param: [2.8711432476775368e-6, 224.70077633757697, 2.4335037654310423e6, 0.04206044373364282, 0.026400912791171398, 3.2092274384163467e-6, 365.25636714854767, 2.433624403160866e6, 0.04681715968922826, 0.021165293732654147, 0.0005604593647714895, 4919.340276165557, 2.439279169149484e6, -0.056897328041009644, -0.07398960972690169]
Period: 4926.573507728525 log Prob: -112.92349769126743 Param: [2.880504884497703e-6, 224.70077621563934, 2.4335037654330526e6, 0.04264711826373399, 0.026474412767224176, 3.2126425496672816e-6, 365.25636641447716, 2.433624403167736e6, 0.047298613465244575, 0.02122187056749757, 0.0005582646233402308, 4926.573507728525, 2.439282846061597e6, -0.05826227986151995, -0.07418080199281028]
Period: 4933.817374790546 log Prob: -112.98099709275265 Param: [2.890884684745914e-6, 224.70077609720312, 2.4335037654349725e6, 0.04336013023260762, 0.026578902696283224, 3.2169093640496274e-6, 365.2563657000674, 2.433624403174268e6, 0.04787831224757172, 0.02130401989500513, 0.0005546475800246537, 4933.817374790546, 2.439285977003883e6, -0.060076203387483734, -0.07465921752190997]
Period: 4941.071892989697 log Prob: -113.03901127581415 Param: [2.8995599145066356e-6, 224.70077598021913, 2.433503765436897e6, 0.043925476672157106, 0.026627399209181602, 3.2202403175960572e-6, 365.2563649897072, 2.433624403180827e6, 0.04834043204433753, 0.021342348866195127, 0.0005522660941999947, 4941.071892989697, 2.4392896211878075e6, -0.06158966415487797, -0.07491979346897032]
Period: 4948.337077987049 log Prob: -113.09755305661616 Param: [2.9077707646826613e-6, 224.7007758593534, 2.4335037654388323e6, 0.044419301279504164, 0.026702215433610264, 3.223105624533725e-6, 365.25636426481765, 2.4336244031874523e6, 0.04874735584528332, 0.021401631360251888, 0.0005507371357960363, 4948.337077987049, 2.439292770491343e6, -0.06268363765860885, -0.07520158236489023]
Period: 4955.6129454667025 log Prob: -113.1566024526022 Param: [2.915650158273863e-6, 224.70077574531464, 2.4335037654407285e6, 0.0449339445128725, 0.026694390780901203, 3.22612702652331e-6, 365.2563635682313, 2.4336244031938445e6, 0.04916792283118291, 0.021396387013880445, 0.0005483968079600272, 4955.6129454667025, 2.439296679658584e6, -0.06421810439151147, -0.07542250417224555]
Period: 4962.899511135818 log Prob: -113.2161902242554 Param: [2.924181532802299e-6, 224.70077563192342, 2.433503765442588e6, 0.045476650803019894, 0.02683123496394187, 3.229317887743075e-6, 365.25636287251433, 2.433624403200261e6, 0.04961279595779508, 0.021504749011568194, 0.0005460227779392455, 4962.899511135818, 2.439299721128218e6, -0.06566847407147873, -0.07573503882498256]
Period: 4970.196790724652 log Prob: -113.27632017788522 Param: [2.933571031036434e-6, 224.7007755141482, 2.4335037654445055e6, 0.04609607284760357, 0.026889590354838473, 3.2330117236726543e-6, 365.25636216546724, 2.4336244032067405e6, 0.05011879127455905, 0.02155126429302883, 0.0005433176970940682, 4970.196790724652, 2.439303125179323e6, -0.06727495456391455, -0.07609751721165818]
Period: 4977.504799986588 log Prob: -113.33699569576454 Param: [2.9415848393927074e-6, 224.70077539914163, 2.433503765446419e6, 0.04659507479859415, 0.026919398923368337, 3.235922307866857e-6, 365.25636146875945, 2.433624403213219e6, 0.05052824016216413, 0.02157591856759758, 0.0005417411723154803, 4977.504799986588, 2.439306947244256e6, -0.06858931661558354, -0.07621873691256373]
Period: 4984.823554698181 log Prob: -113.39821801499643 Param: [2.949871655353022e-6, 224.70077528647641, 2.4335037654482885e6, 0.0471272808217915, 0.026922888552407532, 3.2390611935284196e-6, 365.25636078599604, 2.433624403219488e6, 0.05096346411133289, 0.021579922345527882, 0.000539546183821287, 4984.823554698181, 2.4393107159372107e6, -0.07006316372872282, -0.0764351130662888]
Period: 4992.153070659166 log Prob: -113.45999616409728 Param: [2.957748870315633e-6, 224.70077516902927, 2.4335037654501842e6, 0.047607057023225784, 0.02699670474502657, 3.241854119093699e-6, 365.25636007579874, 2.4336244032259597e6, 0.05135912018289748, 0.02163968379064396, 0.000537850437457692, 4992.153070659166, 2.4393138769569914e6, -0.07126906304350503, -0.0767411045989563]
Period: 4999.493363692525 log Prob: -113.52233822658489 Param: [2.966800904175269e-6, 224.70077505566107, 2.4335037654520506e6, 0.048192020709891974, 0.027011075763545035, 3.2453168897437337e-6, 365.2563593998475, 2.433624403232158e6, 0.05183713759249408, 0.021652735199639006, 0.0005357334100822066, 4999.493363692525, 2.439317574491907e6, -0.07274254110976754, -0.07698497905841757]
Period: 5006.844449644502 log Prob: -113.58523677290759 Param: [2.9722444038908016e-6, 224.70077494637962, 2.433503765453881e6, 0.048485853624880185, 0.027047239234843867, 3.246950357577161e-6, 365.25635872225826, 2.4336244032384255e6, 0.05208246798824164, 0.02168246758097668, 0.0005348923559556156, 5006.844449644502, 2.439321265392267e6, -0.07380749653844931, -0.07704088923037992]
Period: 5014.206344384638 log Prob: -113.64868694527954 Param: [2.9807610322896637e-6, 224.700774834338, 2.433503765455717e6, 0.04903057532154604, 0.027071005844791916, 3.2501636391939605e-6, 365.25635804850845, 2.433624403244566e6, 0.05252841606673214, 0.02170333987512607, 0.0005327844806971866, 5014.206344384638, 2.439324782777547e6, -0.07526487826567556, -0.07732606345346164]
Period: 5021.57906380581 log Prob: -113.71271228112677 Param: [2.9892249429885846e-6, 224.70077471993824, 2.4335037654575855e6, 0.04958771790451227, 0.027132088317839777, 3.253497398224997e-6, 365.2563573615806, 2.4336244032508438e6, 0.0529842471499151, 0.02175405823474828, 0.0005306171773237048, 5021.57906380581, 2.4393281074683336e6, -0.07676516671061043, -0.07764539885950501]
Period: 5028.962623824264 log Prob: -113.7772898084846 Param: [2.996235830260028e-6, 224.7007746105394, 2.433503765459396e6, 0.04998260537092289, 0.02719484567393644, 3.255728948382364e-6, 365.25635669714814, 2.433624403256977e6, 0.053311426623318316, 0.021805203948368417, 0.0005292848045746102, 5028.962623824264, 2.4393314381171614e6, -0.07798466080836261, -0.0778322993178369]
Period: 5036.357040379645 log Prob: -113.84242599419574 Param: [3.0020317610179983e-6, 224.70077450081138, 2.433503765461206e6, 0.0503000276203743, 0.02719444152473751, 3.2575060242960037e-6, 365.25635602710474, 2.4336244032630827e6, 0.05357592000311782, 0.02180674208672748, 0.0005286603196147545, 5036.357040379645, 2.439335129115206e6, -0.07887741371416342, -0.07791046287193322]
Period: 5043.76232943504 log Prob: -113.90812310752268 Param: [3.0090390421052645e-6, 224.7007743937376, 2.433503765463032e6, 0.05073421281766913, 0.027164216527462554, 3.2600244029938364e-6, 365.2563553719331, 2.4336244032691573e6, 0.05393224419973629, 0.021786670041924833, 0.0005270334742179286, 5043.76232943504, 2.439339306603272e6, -0.08026143394653203, -0.07797409165768074]
Period: 5051.178506977005 log Prob: -113.97436779946884 Param: [3.017034078289517e-6, 224.70077428171416, 2.4335037654648707e6, 0.051233345793150704, 0.02722882965485966, 3.2629745632028484e-6, 365.25635469930046, 2.433624403275332e6, 0.05434257176199654, 0.021839579504275838, 0.0005254319177578354, 5051.178506977005, 2.4393427208589627e6, -0.08159553975081602, -0.07821271373595236]
Period: 5058.605589015601 log Prob: -114.04117976214263 Param: [3.022471216241628e-6, 224.70077417547236, 2.43350376546662e6, 0.05151840661637578, 0.027247249517360767, 3.264532987132125e-6, 365.25635404835026, 2.433624403281245e6, 0.05458135605677641, 0.02185612656462512, 0.0005247736150408017, 5058.605589015601, 2.439346125516925e6, -0.08246286434255176, -0.07832977446000883]
Period: 5066.043591584438 log Prob: -114.10852675692603 Param: [3.030218395011754e-6, 224.7007740675307, 2.433503765468448e6, 0.05198412148151293, 0.027316640441181546, 3.2671780606182035e-6, 365.2563533885696, 2.433624403287403e6, 0.05496443276726544, 0.021914111672756083, 0.0005230535946452398, 5066.043591584438, 2.439349754653045e6, -0.08388897565500876, -0.07848568360291984]
Period: 5073.492530740683 log Prob: -114.1764165289236 Param: [3.0370923901914547e-6, 224.70077396297674, 2.4335037654701667e6, 0.052439150578608894, 0.02730274046240335, 3.2699383760152027e-6, 365.2563527601608, 2.4336244032930587e6, 0.055336443577054105, 0.02190603379116403, 0.0005211846472946941, 5073.492530740683, 2.439353282598281e6, -0.08535767390020209, -0.07876381623428753]
Period: 5080.95242256513 log Prob: -114.24484792988288 Param: [3.04329884714888e-6, 224.7007738550864, 2.433503765472001e6, 0.05280266160783699, 0.02734762850069302, 3.2720215035127475e-6, 365.25635209807336, 2.433624403299224e6, 0.0556376136055117, 0.021945207709811374, 0.0005201234012298519, 5080.95242256513, 2.439357086677024e6, -0.08645543019893243, -0.07880323761931347]
Period: 5088.423283162211 log Prob: -114.31379835158512 Param: [3.048904185087156e-6, 224.70077375216908, 2.433503765473694e6, 0.05312114001367439, 0.027307859948897537, 3.273820360902978e-6, 365.2563514763119, 2.433624403304817e6, 0.05590199131638236, 0.02191615465559215, 0.0005193014748990859, 5088.423283162211, 2.4393607808390325e6, -0.08751594807221007, -0.07894668563362497]
Period: 5095.905128660039 log Prob: -114.38328640871151 Param: [3.0556801132712653e-6, 224.70077364394604, 2.433503765475519e6, 0.0535027524805434, 0.027356525459056525, 3.275969038171919e-6, 365.2563508210335, 2.433624403310929e6, 0.05621841506634442, 0.021958356850395135, 0.0005183935528030029, 5095.905128660039, 2.4393645107544437e6, -0.08864468212124, -0.07901344155358171]
Period: 5103.397975210441 log Prob: -114.45327965442073 Param: [3.061698548125811e-6, 224.7007735405577, 2.4335037654772275e6, 0.053889459664305264, 0.0272951947525084, 3.2782559404822072e-6, 365.25635020501016, 2.433624403316452e6, 0.0565348647841516, 0.021912633349086726, 0.0005169466864531311, 5103.397975210441, 2.439368269989956e6, -0.08988074153366363, -0.07919962474967453]
Period: 5110.901838988991 log Prob: -114.52377511421534 Param: [3.06640768503683e-6, 224.7007734380168, 2.433503765478952e6, 0.054132306355685646, 0.027336770447404277, 3.279571499510219e-6, 365.25634957195547, 2.433624403322275e6, 0.05673962396195667, 0.02194861069464867, 0.0005164506797660912, 5110.901838988991, 2.439371875179038e6, -0.09082836718116628, -0.07925695638501266]
Period: 5118.416736195049 log Prob: -114.5947876300479 Param: [3.072109949551345e-6, 224.70077333519367, 2.433503765480636e6, 0.054464920998650884, 0.027327552825880137, 3.2814711384383094e-6, 365.25634896023826, 2.43362440332777e6, 0.05701463166150751, 0.021944260992913737, 0.0005153931297146488, 5118.416736195049, 2.4393752176772384e6, -0.09192857021211502, -0.07947090670397412]
Period: 5125.942683051796 log Prob: -114.66627579836887 Param: [3.077879613357618e-6, 224.70077323418525, 2.433503765482408e6, 0.054819760629927, 0.027358548307830983, 3.283529818300033e-6, 365.256348328312, 2.4336244033337226e6, 0.05730779240151829, 0.021974021316499927, 0.0005143170568749213, 5125.942683051796, 2.4393795042567155e6, -0.09315432008935036, -0.07940803725431707]
Period: 5133.479695806262 log Prob: -114.73823202919773 Param: [3.0834874128798905e-6, 224.70077313094228, 2.433503765484098e6, 0.05512268568189101, 0.02736247990206101, 3.2851472620625765e-6, 365.25634771308614, 2.4336244033392826e6, 0.05755931891555976, 0.021979675024242987, 0.0005135379100602766, 5133.479695806262, 2.439382944880504e6, -0.0941888326426521, -0.07958648599237383]
Period: 5141.027790729369 log Prob: -114.81067568816887 Param: [3.0882419174805403e-6, 224.70077303119467, 2.4335037654858064e6, 0.05541523792956569, 0.02729896013917708, 3.286881245100457e-6, 365.2563471043579, 2.4336244033448603e6, 0.05780115891941236, 0.02193437956041112, 0.0005128010176909644, 5141.027790729369, 2.439387239118633e6, -0.09524902197298021, -0.07956698037209672]
Period: 5148.586984115969 log Prob: -114.88356585706488 Param: [3.09420302508775e-6, 224.70077292851843, 2.4335037654875214e6, 0.055762678823822256, 0.027351822218887458, 3.2888573873170814e-6, 365.25634648475835, 2.433624403350543e6, 0.05808916512790678, 0.02197955480714819, 0.0005118369299127015, 5148.586984115969, 2.4393905848717545e6, -0.09628137533991041, -0.0797101115515921]
Period: 5156.157292284858 log Prob: -114.9569062143284 Param: [3.096551791879642e-6, 224.7007728343662, 2.433503765489117e6, 0.05586782039818996, 0.02736427980179746, 3.289356712113149e-6, 365.256345895433, 2.433624403355883e6, 0.0581808367107716, 0.021992925311683426, 0.0005115079193495873, 5156.157292284858, 2.439394203401072e6, -0.09718668145884395, -0.07976732167555632]
Period: 5163.738731578839 log Prob: -115.03067964643762 Param: [3.1030091151145632e-6, 224.70077273036588, 2.4335037654908784e6, 0.056268117659816, 0.027405824441739394, 3.2917143806325344e-6, 365.25634527459016, 2.4336244033616264e6, 0.058511188570353576, 0.02203056237687329, 0.0005104830330904111, 5163.738731578839, 2.4393979045649176e6, -0.0982946687010524, -0.07983923189665394]
Period: 5171.331318364742 log Prob: -115.10486010720159 Param: [3.1074238458207623e-6, 224.70077263373932, 2.433503765492537e6, 0.056544555667898094, 0.02735009259347463, 3.2933136900790195e-6, 365.25634468861864, 2.433624403366992e6, 0.058738380152918795, 0.021990746800531355, 0.0005094485436285682, 5171.331318364742, 2.4394020847084597e6, -0.09946197927882336, -0.07987065395665831]
Period: 5178.935069033464 log Prob: -115.17944997613598 Param: [3.111003165475237e-6, 224.70077253897256, 2.43350376549414e6, 0.056725358885551726, 0.027309312821249557, 3.294232174985901e-6, 365.2563441087653, 2.433624403372252e6, 0.05889047599583023, 0.021961964126335984, 0.0005090486925407641, 5178.935069033464, 2.439405994811081e6, -0.10038694951386153, -0.07990630848920788]
Period: 5186.55 log Prob: -115.25443417128666 Param: [3.116208051611611e-6, 224.7007724393305, 2.433503765495803e6, 0.05703683251333983, 0.027385395886094625, 3.296005944295411e-6, 365.25634350881285, 2.4336244033777327e6, 0.05914883873257404, 0.022025905140641924, 0.0005080493461820164, 5186.55, 2.4394092110926677e6, -0.10147347734238871, -0.08010656429690755]
Finished 3-planet fit w/ fixed period: [2.378567165237148e-6, 224.70078376150565, 2.4335037653116556e6, 0.006018920590581022, 0.015022879222206865, 2.9937462667359905e-6, 365.2564149638073, 2.4336244027063353e6, 0.017922951617154632, 0.013077841650368563, 0.0008496105556363782, 4497.618210652329, 2.439091239323469e6, 0.028356413915252045, -0.04970304024097862]
Finished global 3-planet fit.
New p3 chi-square: 69.84575835152931
Maximum: -110.40352332764958 Param: [2.3785594711271752e-6, 224.70078376151974, 2.433503765311656e6, 0.00601901410524697, 0.01502278187589552, 2.9937456370907186e-6, 365.25641496374135, 2.4336244027063358e6, 0.017922946536455348, 0.013077850417342345, 0.0008496106286596368, 4497.628438598749, 2.439091239755678e6, 0.028357488794318066, -0.04970254629706098]
1089.039059 seconds (473.82 M allocations: 46.319 GiB, 1.09% gc time)