1.0	2.43350376557743e6	2.4335037642239067e6	0.00034722222222222224
1.0	2.4337284663479687e6	2.433728465604851e6	0.00034722222222222224
1.0	2.433953167118508e6	2.433953168662038e6	0.00034722222222222224
1.0	2.4341778678890467e6	2.434177867301391e6	0.00034722222222222224
1.0	2.4344025686595854e6	2.434402567253164e6	0.00034722222222222224
1.0	2.434627269430124e6	2.434627271016983e6	0.00034722222222222224
1.0	2.4348519702006634e6	2.434851972264434e6	0.00034722222222222224
1.0	2.435076670971202e6	2.435076671883933e6	0.00034722222222222224
1.0	2.435301371741741e6	2.4353013689198038e6	0.00034722222222222224
1.0	2.4355260725122797e6	2.435526070207257e6	0.00034722222222222224
1.0	2.435750773282819e6	2.435750775374447e6	0.00034722222222222224
1.0	2.4359754740533577e6	2.435975474777191e6	0.00034722222222222224
1.0	2.4362001748238965e6	2.4362001732537416e6	0.00034722222222222224
1.0	2.4364248755944353e6	2.4364248743386646e6	0.00034722222222222224
1.0	2.4366495763649745e6	2.4366495754270623e6	0.00034722222222222224
1.0	2.4368742771355133e6	2.4368742780880416e6	0.00034722222222222224
1.0	2.437098977906052e6	2.437098977772485e6	0.00034722222222222224
1.0	2.437323678676591e6	2.437323676346224e6	0.00034722222222222224
1.0	2.43754837944713e6	2.4375483819056437e6	0.00034722222222222224
1.0	2.437773080217669e6	2.437773082766074e6	0.00034722222222222224
1.0	2.4379977809882076e6	2.4379977822202095e6	0.00034722222222222224
1.0	2.4382224817587463e6	2.4382224808981647e6	0.00034722222222222224
1.0	2.4384471825292856e6	2.4384471806712816e6	0.00034722222222222224
1.0	2.4386718832998243e6	2.4386718857761445e6	0.00034722222222222224
1.0	2.438896584070363e6	2.4388965842122305e6	0.00034722222222222224
1.0	2.439121284840902e6	2.439121284355782e6	0.00034722222222222224
1.0	2.439345985611441e6	2.439345984030576e6	0.00034722222222222224
1.0	2.43957068638198e6	2.439570685608038e6	0.00034722222222222224
1.0	2.4397953871525186e6	2.439795388838618e6	0.00034722222222222224
1.0	2.4400200879230574e6	2.4400200874097473e6	0.00034722222222222224
1.0	2.4402447886935966e6	2.4402447866512956e6	0.00034722222222222224
1.0	2.4404694894641354e6	2.4404694909175113e6	0.00034722222222222224
1.0	2.440694190234674e6	2.440694192234749e6	0.00034722222222222224
1.0	2.440918891005213e6	2.4409188917635935e6	0.00034722222222222224
1.0	2.441143591775752e6	2.441143589413484e6	0.00034722222222222224
1.0	2.441368292546291e6	2.4413682898876485e6	0.00034722222222222224
1.0	2.4415929933168297e6	2.4415929959134874e6	0.00034722222222222224
1.0	2.441817694087369e6	2.4418176958586974e6	0.00034722222222222224
1.0	2.4420423948579077e6	2.4420423941159635e6	0.00034722222222222224
1.0	2.4422670956284464e6	2.4422670948627708e6	0.00034722222222222224
1.0	2.442491796398985e6	2.4424917964977548e6	0.00034722222222222224
1.0	2.4427164971695244e6	2.4427164988969914e6	0.00034722222222222224
1.0	2.442941197940063e6	2.4429411979956636e6	0.00034722222222222224
1.0	2.443165898710602e6	2.443165896921299e6	0.00034722222222222224
1.0	2.4433905994811407e6	2.44339060084919e6	0.00034722222222222224
1.0	2.44361530025168e6	2.443615302675071e6	0.00034722222222222224
1.0	2.4438400010222187e6	2.4438400024241186e6	0.00034722222222222224
1.0	2.4440647017927575e6	2.44406470009695e6	0.00034722222222222224
1.0	2.4442894025632963e6	2.444289399724388e6	0.00034722222222222224
1.0	2.4445141033338355e6	2.4445141045461097e6	0.00034722222222222224
1.0	2.4447388041043743e6	2.4447388049395005e6	0.00034722222222222224
1.0	2.444963504874913e6	2.4449635035033547e6	0.00034722222222222224
1.0	2.445188205645452e6	2.445188203239735e6	0.00034722222222222224
1.0	2.445412906415991e6	2.44541290449919e6	0.00034722222222222224
1.0	2.44563760718653e6	2.4456376080297325e6	0.00034722222222222224
1.0	2.4458623079570686e6	2.4458623076434475e6	0.00034722222222222224
1.0	2.4460870087276073e6	2.446087006883316e6	0.00034722222222222224
1.0	2.4463117094981465e6	2.4463117113134232e6	0.00034722222222222224
1.0	2.4465364102686853e6	2.4465364129867493e6	0.00034722222222222224
1.0	2.446761111039224e6	2.4467611123185297e6	0.00034722222222222224
1.0	2.446985811809763e6	2.446985810073088e6	0.00034722222222222224
1.0	2.447210512580302e6	2.447210510429103e6	0.00034722222222222224
1.0	2.447435213350841e6	2.4474352158543263e6	0.00034722222222222224
1.0	2.4476599141213796e6	2.447659915954413e6	0.00034722222222222224
1.0	2.4478846148919184e6	2.4478846141582076e6	0.00034722222222222224
1.0	2.4481093156624576e6	2.448109314019949e6	0.00034722222222222224
2.0	2.4336244022862855e6	2.4336244046736434e6	0.00034722222222222224
2.0	2.4339896587488437e6	2.433989659401845e6	0.00034722222222222224
2.0	2.4343549152114023e6	2.4343549163469817e6	0.00034722222222222224
2.0	2.4347201716739605e6	2.434720169833244e6	0.00034722222222222224
2.0	2.435085428136519e6	2.4350854291816545e6	0.00034722222222222224
2.0	2.4354506845990773e6	2.4354506862642546e6	0.00034722222222222224
2.0	2.4358159410616355e6	2.4358159388828347e6	0.00034722222222222224
2.0	2.436181197524194e6	2.436181195197895e6	0.00034722222222222224
2.0	2.4365464539867523e6	2.4365464521119767e6	0.00034722222222222224
2.0	2.4369117104493105e6	2.4369117086907597e6	0.00034722222222222224
2.0	2.437276966911869e6	2.4372769677083017e6	0.00034722222222222224
2.0	2.4376422233744273e6	2.437642222853947e6	0.00034722222222222224
2.0	2.438007479836986e6	2.4380074816616196e6	0.00034722222222222224
2.0	2.438372736299544e6	2.4383727384780934e6	0.00034722222222222224
2.0	2.4387379927621023e6	2.438737991248148e6	0.00034722222222222224
2.0	2.439103249224661e6	2.439103249328375e6	0.00034722222222222224
2.0	2.439468505687219e6	2.439468508068618e6	0.00034722222222222224
2.0	2.4398337621497777e6	2.439833761535445e6	0.00034722222222222224
2.0	2.440199018612336e6	2.4401990178558864e6	0.00034722222222222224
2.0	2.440564275074894e6	2.440564271199843e6	0.00034722222222222224
2.0	2.4409295315374527e6	2.4409295284595443e6	0.00034722222222222224
2.0	2.441294788000011e6	2.441294789263152e6	0.00034722222222222224
2.0	2.441660044462569e6	2.4416600440306114e6	0.00034722222222222224
2.0	2.4420253009251277e6	2.4420253026234433e6	0.00034722222222222224
2.0	2.442390557387686e6	2.442390560329557e6	0.00034722222222222224
2.0	2.4427558138502445e6	2.4427558147538416e6	0.00034722222222222224
2.0	2.4431210703128027e6	2.4431210705842804e6	0.00034722222222222224
2.0	2.443486326775361e6	2.443486324711089e6	0.00034722222222222224
2.0	2.4438515832379195e6	2.443851582852105e6	0.00034722222222222224
2.0	2.4442168397004777e6	2.4442168403529674e6	0.00034722222222222224
2.0	2.4445820961630363e6	2.44458209222731e6	0.00034722222222222224
2.0	2.4449473526255945e6	2.4449473496406223e6	0.00034722222222222224
2.0	2.4453126090881526e6	2.4453126076176544e6	0.00034722222222222224
2.0	2.4456778655507113e6	2.44567786413577e6	0.00034722222222222224
2.0	2.4460431220132695e6	2.44604312470497e6	0.00034722222222222224
2.0	2.4464083784758276e6	2.4464083792222156e6	0.00034722222222222224
2.0	2.4467736349383863e6	2.446773637054486e6	0.00034722222222222224
2.0	2.4471388914009444e6	2.447138893620738e6	0.00034722222222222224
2.0	2.447504147863503e6	2.44750414647799e6	0.00034722222222222224
2.0	2.4478694043260613e6	2.447869405132886e6	0.00034722222222222224
2.0	2.4482346607886194e6	2.4482346623506164e6	0.00034722222222222224
